0 0.898192 0.101138 0.000670455
0.1 0.896366 0.102285 0.00134853
0.2 0.894524 0.103442 0.00203428
0.3 0.892665 0.104607 0.00272777
0.4 0.890789 0.105782 0.00342906
0.5 0.888896 0.106966 0.00413821
0.6 0.886986 0.108159 0.00485529
0.7 0.885058 0.109361 0.00558035
0.8 0.883114 0.110572 0.00631346
0.9 0.881153 0.111793 0.00705467
1 0.879174 0.113022 0.00780405
1.1 0.877178 0.11426 0.00856166
1.2 0.875165 0.115508 0.00932754
1.3 0.873134 0.116764 0.0101018
1.4 0.871087 0.118029 0.0108844
1.5 0.869022 0.119303 0.0116755
1.6 0.86694 0.120585 0.0124751
1.7 0.86484 0.121876 0.0132833
1.8 0.862723 0.123176 0.0141002
1.9 0.86059 0.124485 0.0149257
2 0.858438 0.125802 0.01576
2.1 0.85627 0.127127 0.0166031
2.2 0.854084 0.128461 0.017455
2.3 0.851881 0.129803 0.0183159
2.4 0.849661 0.131153 0.0191858
2.5 0.847424 0.132512 0.0200646
2.6 0.845169 0.133878 0.0209526
2.7 0.842898 0.135253 0.0218497
2.8 0.840609 0.136635 0.022756
2.9 0.838304 0.138025 0.0236715
3 0.835981 0.139423 0.0245963
3.1 0.833641 0.140828 0.0255305
3.2 0.831285 0.142241 0.0264741
3.3 0.828912 0.143661 0.0274271
3.4 0.826522 0.145089 0.0283896
3.5 0.824115 0.146523 0.0293616
3.6 0.821692 0.147965 0.0303432
3.7 0.819252 0.149414 0.0313345
3.8 0.816795 0.150869 0.0323354
3.9 0.814323 0.152331 0.0333461
4 0.811833 0.1538 0.0343665
4.1 0.809328 0.155275 0.0353968
4.2 0.806807 0.156756 0.0364369
4.3 0.804269 0.158244 0.0374869
4.4 0.801716 0.159737 0.0385468
4.5 0.799147 0.161237 0.0396167
4.6 0.796562 0.162741 0.0406966
4.7 0.793961 0.164252 0.0417866
4.8 0.791346 0.165768 0.0428867
4.9 0.788714 0.167289 0.0439969
5 0.786068 0.168815 0.0451172
5.1 0.783406 0.170346 0.0462477
5.2 0.78073 0.171882 0.0473885
5.3 0.778039 0.173422 0.0485395
5.4 0.775333 0.174966 0.0497008
5.5 0.772612 0.176515 0.0508724
5.6 0.769878 0.178068 0.0520543
5.7 0.767129 0.179624 0.0532466
5.8 0.764366 0.181185 0.0544493
5.9 0.761589 0.182748 0.0556624
6 0.758799 0.184315 0.056886
6.1 0.755995 0.185885 0.05812
6.2 0.753178 0.187458 0.0593645
6.3 0.750348 0.189033 0.0606194
6.4 0.747504 0.190611 0.0618849
6.5 0.744648 0.192191 0.0631609
6.6 0.74178 0.193773 0.0644475
6.7 0.738899 0.195357 0.0657446
6.8 0.736006 0.196942 0.0670522
6.9 0.733101 0.198529 0.0683704
7 0.730184 0.200116 0.0696993
7.1 0.727256 0.201705 0.0710387
7.2 0.724317 0.203295 0.0723887
7.3 0.721366 0.204884 0.0737493
7.4 0.718405 0.206475 0.0751205
7.5 0.715433 0.208065 0.0765023
7.6 0.712451 0.209655 0.0778947
7.7 0.709458 0.211244 0.0792977
7.8 0.706456 0.212833 0.0807112
7.9 0.703444 0.21442 0.0821354
8 0.700423 0.216007 0.0835702
8.1 0.697392 0.217592 0.0850155
8.2 0.694353 0.219176 0.0864714
8.3 0.691305 0.220757 0.0879378
8.4 0.688249 0.222336 0.0894148
8.5 0.685184 0.223913 0.0909023
8.6 0.682112 0.225488 0.0924003
8.7 0.679032 0.227059 0.0939088
8.8 0.675945 0.228627 0.0954278
8.9 0.672851 0.230192 0.0969572
9 0.669749 0.231754 0.098497
9.1 0.666642 0.233311 0.100047
9.2 0.663528 0.234864 0.101608
9.3 0.660408 0.236413 0.103179
9.4 0.657283 0.237957 0.10476
9.5 0.654152 0.239496 0.106351
9.6 0.651017 0.24103 0.107953
9.7 0.647876 0.242559 0.109565
9.8 0.644731 0.244082 0.111187
9.9 0.641581 0.245599 0.11282
10 0.638428 0.24711 0.114462
10.1 0.635271 0.248615 0.116114
10.2 0.632111 0.250113 0.117777
10.3 0.628947 0.251604 0.119449
10.4 0.625781 0.253088 0.121132
10.5 0.622612 0.254564 0.122824
10.6 0.619441 0.256033 0.124526
10.7 0.616268 0.257494 0.126237
10.8 0.613094 0.258947 0.127959
10.9 0.609918 0.260392 0.12969
11 0.606741 0.261828 0.131431
11.1 0.603564 0.263255 0.133181
11.2 0.600386 0.264674 0.134941
11.3 0.597207 0.266082 0.13671
11.4 0.594029 0.267482 0.138489
11.5 0.590852 0.268872 0.140276
11.6 0.587675 0.270251 0.142074
11.7 0.584499 0.271621 0.14388
11.8 0.581325 0.27298 0.145695
11.9 0.578152 0.274329 0.14752
12 0.574981 0.275667 0.149353
12.1 0.571812 0.276993 0.151195
12.2 0.568645 0.278309 0.153046
12.3 0.565481 0.279613 0.154906
12.4 0.562321 0.280905 0.156774
12.5 0.559163 0.282186 0.158651
12.6 0.556009 0.283454 0.160537
12.7 0.552859 0.28471 0.162431
12.8 0.549713 0.285954 0.164333
12.9 0.546571 0.287185 0.166243
13 0.543434 0.288404 0.168162
13.1 0.540302 0.289609 0.170089
13.2 0.537176 0.290801 0.172023
13.3 0.534054 0.29198 0.173966
13.4 0.530938 0.293145 0.175916
13.5 0.527828 0.294297 0.177874
13.6 0.524725 0.295435 0.17984
13.7 0.521628 0.296559 0.181814
13.8 0.518537 0.297668 0.183794
13.9 0.515454 0.298764 0.185782
14 0.512377 0.299845 0.187778
14.1 0.509308 0.300911 0.18978
14.2 0.506247 0.301963 0.19179
14.3 0.503194 0.303 0.193806
14.4 0.500148 0.304022 0.19583
14.5 0.497112 0.305028 0.19786
14.6 0.494083 0.30602 0.199897
14.7 0.491064 0.306996 0.20194
14.8 0.488053 0.307957 0.20399
14.9 0.485052 0.308902 0.206046
15 0.48206 0.309831 0.208109
15.1 0.479078 0.310745 0.210177
15.2 0.476105 0.311643 0.212252
15.3 0.473143 0.312525 0.214333
15.4 0.47019 0.313391 0.216419
15.5 0.467249 0.31424 0.218511
15.6 0.464317 0.315074 0.220609
15.7 0.461397 0.315891 0.222712
15.8 0.458487 0.316692 0.224821
15.9 0.455589 0.317476 0.226935
16 0.452702 0.318244 0.229054
16.1 0.449826 0.318996 0.231178
16.2 0.446962 0.319731 0.233307
16.3 0.44411 0.320449 0.235441
16.4 0.44127 0.321151 0.23758
16.5 0.438441 0.321836 0.239723
16.6 0.435625 0.322504 0.241871
16.7 0.432822 0.323155 0.244023
16.8 0.430031 0.32379 0.246179
16.9 0.427252 0.324408 0.24834
17 0.424487 0.325009 0.250505
17.1 0.421734 0.325593 0.252673
17.2 0.418994 0.32616 0.254846
17.3 0.416268 0.32671 0.257022
17.4 0.413554 0.327244 0.259202
17.5 0.410854 0.32776 0.261385
17.6 0.408168 0.32826 0.263572
17.7 0.405495 0.328743 0.265762
17.8 0.402836 0.329209 0.267955
17.9 0.40019 0.329658 0.270152
18 0.397559 0.330091 0.272351
18.1 0.394941 0.330506 0.274553
18.2 0.392337 0.330905 0.276757
18.3 0.389748 0.331287 0.278965
18.4 0.387173 0.331653 0.281175
18.5 0.384612 0.332001 0.283387
18.6 0.382065 0.332334 0.285601
18.7 0.379533 0.332649 0.287818
18.8 0.377015 0.332948 0.290037
18.9 0.374512 0.333231 0.292257
19 0.372023 0.333497 0.29448
19.1 0.369549 0.333747 0.296704
19.2 0.36709 0.333981 0.298929
19.3 0.364645 0.334198 0.301157
19.4 0.362215 0.334399 0.303385
19.5 0.3598 0.334585 0.305615
19.6 0.3574 0.334754 0.307847
19.7 0.355014 0.334907 0.310079
19.8 0.352644 0.335044 0.312312
19.9 0.350288 0.335166 0.314546
20 0.347948 0.335271 0.316781
20.1 0.345622 0.335362 0.319016
20.2 0.343311 0.335436 0.321252
20.3 0.341016 0.335496 0.323489
20.4 0.338735 0.335539 0.325725
20.5 0.336469 0.335568 0.327962
20.6 0.334219 0.335582 0.3302
20.7 0.331983 0.33558 0.332437
20.8 0.329763 0.335563 0.334674
20.9 0.327557 0.335532 0.336911
21 0.325366 0.335486 0.339148
21.1 0.323191 0.335425 0.341384
21.2 0.32103 0.33535 0.34362
21.3 0.318884 0.33526 0.345855
21.4 0.316754 0.335156 0.34809
21.5 0.314638 0.335038 0.350324
21.6 0.312537 0.334906 0.352557
21.7 0.310451 0.334759 0.35479
21.8 0.30838 0.334599 0.357021
21.9 0.306324 0.334426 0.359251
22 0.304282 0.334238 0.36148
22.1 0.302256 0.334037 0.363707
22.2 0.300244 0.333823 0.365933
22.3 0.298246 0.333595 0.368158
22.4 0.296264 0.333355 0.370381
22.5 0.294296 0.333101 0.372603
22.6 0.292343 0.332835 0.374823
22.7 0.290404 0.332555 0.377041
22.8 0.28848 0.332264 0.379257
22.9 0.28657 0.331959 0.381471
23 0.284674 0.331643 0.383683
23.1 0.282793 0.331314 0.385893
23.2 0.280927 0.330973 0.3881
23.3 0.279074 0.33062 0.390306
23.4 0.277236 0.330255 0.392509
23.5 0.275412 0.329879 0.394709
23.6 0.273602 0.329491 0.396907
23.7 0.271806 0.329092 0.399102
23.8 0.270024 0.328681 0.401295
23.9 0.268256 0.32826 0.403485
24 0.266502 0.327827 0.405672
24.1 0.264761 0.327383 0.407856
24.2 0.263034 0.326929 0.410037
24.3 0.261321 0.326464 0.412215
24.4 0.259622 0.325989 0.41439
24.5 0.257936 0.325503 0.416561
24.6 0.256263 0.325007 0.41873
24.7 0.254604 0.324501 0.420895
24.8 0.252959 0.323985 0.423056
24.9 0.251326 0.323459 0.425214
25 0.249707 0.322924 0.427369
25.1 0.248101 0.322379 0.42952
25.2 0.246508 0.321825 0.431667
25.3 0.244927 0.321262 0.433811
25.4 0.24336 0.320689 0.435951
25.5 0.241806 0.320108 0.438087
25.6 0.240264 0.319517 0.440219
25.7 0.238735 0.318918 0.442347
25.8 0.237218 0.31831 0.444471
25.9 0.235715 0.317694 0.446591
26 0.234223 0.31707 0.448707
26.1 0.232744 0.316437 0.450819
26.2 0.231277 0.315797 0.452926
26.3 0.229822 0.315148 0.455029
26.4 0.22838 0.314492 0.457128
26.5 0.226949 0.313828 0.459223
26.6 0.225531 0.313157 0.461312
26.7 0.224124 0.312478 0.463398
26.8 0.22273 0.311792 0.465479
26.9 0.221347 0.311098 0.467555
27 0.219975 0.310398 0.469627
27.1 0.218615 0.309691 0.471694
27.2 0.217267 0.308977 0.473756
27.3 0.21593 0.308257 0.475813
27.4 0.214604 0.307529 0.477866
27.5 0.21329 0.306796 0.479914
27.6 0.211987 0.306056 0.481957
27.7 0.210695 0.305311 0.483995
27.8 0.209414 0.304559 0.486027
27.9 0.208144 0.303801 0.488055
28 0.206884 0.303037 0.490078
28.1 0.205636 0.302268 0.492096
28.2 0.204398 0.301494 0.494108
28.3 0.203171 0.300713 0.496116
28.4 0.201954 0.299928 0.498118
28.5 0.200748 0.299137 0.500115
28.6 0.199552 0.298341 0.502106
28.7 0.198367 0.297541 0.504093
28.8 0.197191 0.296735 0.506074
28.9 0.196026 0.295925 0.508049
29 0.194871 0.29511 0.510019
29.1 0.193726 0.29429 0.511984
29.2 0.19259 0.293467 0.513943
29.3 0.191465 0.292638 0.515897
29.4 0.190349 0.291806 0.517845
29.5 0.189243 0.290969 0.519787
29.6 0.188147 0.290129 0.521724
29.7 0.18706 0.289285 0.523656
29.8 0.185982 0.288436 0.525582
29.9 0.184914 0.287585 0.527502
30 0.183855 0.286729 0.529416
30.1 0.182805 0.28587 0.531325
30.2 0.181764 0.285008 0.533228
30.3 0.180733 0.284142 0.535125
30.4 0.17971 0.283273 0.537016
30.5 0.178697 0.282402 0.538902
30.6 0.177692 0.281527 0.540782
30.7 0.176696 0.280649 0.542655
30.8 0.175708 0.279768 0.544524
30.9 0.174729 0.278885 0.546386
31 0.173759 0.277999 0.548242
31.1 0.172797 0.277111 0.550092
31.2 0.171844 0.27622 0.551937
31.3 0.170898 0.275326 0.553775
31.4 0.169961 0.274431 0.555608
31.5 0.169033 0.273533 0.557434
31.6 0.168112 0.272633 0.559255
31.7 0.167199 0.271731 0.561069
31.8 0.166295 0.270827 0.562878
31.9 0.165398 0.269922 0.56468
32 0.164509 0.269014 0.566477
32.1 0.163628 0.268105 0.568267
32.2 0.162754 0.267194 0.570052
32.3 0.161888 0.266282 0.57183
32.4 0.16103 0.265368 0.573602
32.5 0.160179 0.264453 0.575368
32.6 0.159335 0.263537 0.577128
32.7 0.158499 0.262619 0.578882
32.8 0.15767 0.2617 0.58063
32.9 0.156849 0.26078 0.582371
33 0.156034 0.259859 0.584107
33.1 0.155227 0.258937 0.585836
33.2 0.154426 0.258014 0.587559
33.3 0.153633 0.257091 0.589276
33.4 0.152846 0.256166 0.590987
33.5 0.152067 0.255241 0.592692
33.6 0.151294 0.254316 0.59439
33.7 0.150528 0.25339 0.596083
33.8 0.149768 0.252463 0.597769
33.9 0.149015 0.251536 0.599449
34 0.148269 0.250609 0.601123
34.1 0.147529 0.249681 0.60279
34.2 0.146795 0.248753 0.604452
34.3 0.146068 0.247825 0.606107
34.4 0.145347 0.246897 0.607756
34.5 0.144633 0.245968 0.609399
34.6 0.143924 0.24504 0.611036
34.7 0.143222 0.244112 0.612666
34.8 0.142526 0.243184 0.614291
34.9 0.141836 0.242256 0.615909
35 0.141151 0.241328 0.617521
35.1 0.140473 0.240401 0.619126
35.2 0.139801 0.239473 0.620726
35.3 0.139134 0.238547 0.622319
35.4 0.138473 0.23762 0.623907
35.5 0.137818 0.236695 0.625488
35.6 0.137168 0.235769 0.627062
35.7 0.136524 0.234845 0.628631
35.8 0.135886 0.233921 0.630194
35.9 0.135253 0.232997 0.63175
36 0.134625 0.232075 0.6333
36.1 0.134003 0.231153 0.634844
36.2 0.133386 0.230232 0.636382
36.3 0.132774 0.229311 0.637914
36.4 0.132168 0.228392 0.63944
36.5 0.131567 0.227474 0.640959
36.6 0.130971 0.226556 0.642473
36.7 0.13038 0.22564 0.64398
36.8 0.129794 0.224724 0.645481
36.9 0.129213 0.22381 0.646977
37 0.128637 0.222897 0.648466
37.1 0.128066 0.221985 0.649948
37.2 0.1275 0.221074 0.651425
37.3 0.126939 0.220165 0.652896
37.4 0.126382 0.219257 0.654361
37.5 0.125831 0.21835 0.65582
37.6 0.125283 0.217444 0.657272
37.7 0.124741 0.21654 0.658719
37.8 0.124203 0.215638 0.660159
37.9 0.12367 0.214736 0.661594
38 0.123141 0.213837 0.663023
38.1 0.122616 0.212939 0.664445
38.2 0.122096 0.212042 0.665862
38.3 0.121581 0.211147 0.667272
38.4 0.121069 0.210254 0.668677
38.5 0.120562 0.209362 0.670076
38.6 0.12006 0.208472 0.671469
38.7 0.119561 0.207583 0.672855
38.8 0.119067 0.206697 0.674236
38.9 0.118577 0.205812 0.675611
39 0.118091 0.204929 0.676981
39.1 0.117609 0.204047 0.678344
39.2 0.117131 0.203168 0.679701
39.3 0.116657 0.20229 0.681053
39.4 0.116187 0.201415 0.682398
39.5 0.115721 0.200541 0.683738
39.6 0.115259 0.199669 0.685072
39.7 0.1148 0.198799 0.6864
39.8 0.114346 0.197931 0.687723
39.9 0.113895 0.197066 0.68904
40 0.113448 0.196202 0.69035
40.1 0.113005 0.19534 0.691656
40.2 0.112565 0.19448 0.692955
40.3 0.112129 0.193622 0.694249
40.4 0.111696 0.192767 0.695537
40.5 0.111268 0.191914 0.696819
40.6 0.110842 0.191062 0.698095
40.7 0.11042 0.190213 0.699366
40.8 0.110002 0.189366 0.700632
40.9 0.109587 0.188521 0.701891
41 0.109176 0.187679 0.703145
41.1 0.108768 0.186839 0.704394
41.2 0.108363 0.186001 0.705636
41.3 0.107961 0.185165 0.706874
41.4 0.107563 0.184331 0.708105
41.5 0.107168 0.1835 0.709331
41.6 0.106777 0.182671 0.710552
41.7 0.106388 0.181845 0.711767
41.8 0.106003 0.181021 0.712977
41.9 0.105621 0.180199 0.714181
42 0.105241 0.179379 0.715379
42.1 0.104865 0.178562 0.716572
42.2 0.104492 0.177747 0.71776
42.3 0.104122 0.176935 0.718942
42.4 0.103755 0.176125 0.720119
42.5 0.103391 0.175318 0.721291
42.6 0.10303 0.174513 0.722457
42.7 0.102672 0.17371 0.723618
42.8 0.102317 0.17291 0.724773
42.9 0.101965 0.172112 0.725923
43 0.101615 0.171317 0.727068
43.1 0.101268 0.170524 0.728207
43.2 0.100924 0.169734 0.729341
43.3 0.100583 0.168947 0.73047
43.4 0.100245 0.168161 0.731594
43.5 0.0999087 0.167379 0.732713
43.6 0.0995756 0.166599 0.733826
43.7 0.0992452 0.165821 0.734934
43.8 0.0989173 0.165046 0.736037
43.9 0.0985921 0.164273 0.737134
44 0.0982695 0.163503 0.738227
44.1 0.0979494 0.162736 0.739315
44.2 0.0976319 0.161971 0.740397
44.3 0.0973169 0.161209 0.741474
44.4 0.0970043 0.160449 0.742546
44.5 0.0966943 0.159692 0.743614
44.6 0.0963867 0.158938 0.744676
44.7 0.0960815 0.158186 0.745733
44.8 0.0957787 0.157437 0.746785
44.9 0.0954783 0.15669 0.747832
45 0.0951803 0.155946 0.748874
45.1 0.0948846 0.155204 0.749911
45.2 0.0945912 0.154465 0.750943
45.3 0.0943001 0.153729 0.751971
45.4 0.0940114 0.152996 0.752993
45.5 0.0937248 0.152265 0.754011
45.6 0.0934405 0.151536 0.755023
45.7 0.0931584 0.15081 0.756031
45.8 0.0928785 0.150087 0.757034
45.9 0.0926008 0.149367 0.758032
46 0.0923253 0.148649 0.759026
46.1 0.0920518 0.147934 0.760014
46.2 0.0917806 0.147221 0.760998
46.3 0.0915114 0.146511 0.761977
46.4 0.0912442 0.145804 0.762952
46.5 0.0909792 0.1451 0.763921
46.6 0.0907162 0.144398 0.764886
46.7 0.0904552 0.143698 0.765847
46.8 0.0901963 0.143001 0.766802
46.9 0.0899393 0.142307 0.767753
47 0.0896843 0.141616 0.7687
47.1 0.0894313 0.140927 0.769642
47.2 0.0891802 0.140241 0.770579
47.3 0.088931 0.139558 0.771511
47.4 0.0886837 0.138877 0.77244
47.5 0.0884383 0.138199 0.773363
47.6 0.0881948 0.137523 0.774282
47.7 0.0879532 0.13685 0.775197
47.8 0.0877134 0.13618 0.776107
47.9 0.0874754 0.135512 0.777012
48 0.0872392 0.134847 0.777914
48.1 0.0870048 0.134185 0.77881
48.2 0.0867722 0.133525 0.779703
48.3 0.0865414 0.132868 0.780591
48.4 0.0863123 0.132213 0.781474
48.5 0.0860849 0.131561 0.782354
48.6 0.0858592 0.130912 0.783229
48.7 0.0856353 0.130266 0.784099
48.8 0.085413 0.129622 0.784965
48.9 0.0851924 0.12898 0.785827
49 0.0849735 0.128341 0.786685
49.1 0.0847562 0.127705 0.787539
49.2 0.0845405 0.127072 0.788388
49.3 0.0843265 0.126441 0.789233
49.4 0.084114 0.125812 0.790074
49.5 0.0839032 0.125186 0.79091
49.6 0.0836939 0.124563 0.791743
49.7 0.0834862 0.123943 0.792571
49.8 0.08328 0.123325 0.793396
49.9 0.0830753 0.122709 0.794216
50 0.0828722 0.122096 0.795032
50.1 0.0826706 0.121486 0.795844
50.2 0.0824705 0.120878 0.796651
50.3 0.0822718 0.120273 0.797455
50.4 0.0820747 0.11967 0.798255
50.5 0.081879 0.11907 0.799051
50.6 0.0816847 0.118473 0.799843
50.7 0.0814919 0.117878 0.800631
50.8 0.0813004 0.117285 0.801414
50.9 0.0811104 0.116695 0.802194
51 0.0809218 0.116108 0.80297
51.1 0.0807346 0.115523 0.803742
51.2 0.0805488 0.114941 0.804511
51.3 0.0803643 0.114361 0.805275
51.4 0.0801811 0.113783 0.806035
51.5 0.0799993 0.113209 0.806792
51.6 0.0798189 0.112636 0.807545
51.7 0.0796397 0.112066 0.808294
51.8 0.0794619 0.111499 0.809039
51.9 0.0792853 0.110934 0.809781
52 0.07911 0.110372 0.810518
52.1 0.0789361 0.109812 0.811252
52.2 0.0787633 0.109254 0.811982
52.3 0.0785918 0.108699 0.812709
52.4 0.0784216 0.108147 0.813432
52.5 0.0782526 0.107596 0.814151
52.6 0.0780848 0.107049 0.814866
52.7 0.0779182 0.106504 0.815578
52.8 0.0777529 0.105961 0.816286
52.9 0.0775887 0.10542 0.816991
53 0.0774257 0.104882 0.817692
53.1 0.0772639 0.104347 0.818389
53.2 0.0771032 0.103813 0.819083
53.3 0.0769437 0.103283 0.819774
53.4 0.0767853 0.102754 0.82046
53.5 0.0766281 0.102228 0.821144
53.6 0.076472 0.101705 0.821824
53.7 0.076317 0.101183 0.8225
53.8 0.0761631 0.100664 0.823173
53.9 0.0760103 0.100148 0.823842
54 0.0758586 0.0996335 0.824508
54.1 0.075708 0.0991216 0.82517
54.2 0.0755584 0.098612 0.82583
54.3 0.0754099 0.0981048 0.826485
54.4 0.0752625 0.0975999 0.827138
54.5 0.0751161 0.0970973 0.827787
54.6 0.0749707 0.096597 0.828432
54.7 0.0748264 0.096099 0.829075
54.8 0.0746831 0.0956033 0.829714
54.9 0.0745408 0.0951099 0.830349
55 0.0743995 0.0946187 0.830982
55.1 0.0742592 0.0941299 0.831611
55.2 0.0741199 0.0936433 0.832237
55.3 0.0739816 0.0931589 0.832859
55.4 0.0738442 0.0926768 0.833479
55.5 0.0737078 0.092197 0.834095
55.6 0.0735724 0.0917194 0.834708
55.7 0.0734379 0.091244 0.835318
55.8 0.0733044 0.0907708 0.835925
55.9 0.0731718 0.0902999 0.836528
56 0.0730401 0.0898311 0.837129
56.1 0.0729093 0.0893646 0.837726
56.2 0.0727795 0.0889002 0.83832
56.3 0.0726505 0.088438 0.838911
56.4 0.0725225 0.087978 0.8395
56.5 0.0723953 0.0875202 0.840085
56.6 0.072269 0.0870645 0.840666
56.7 0.0721436 0.086611 0.841245
56.8 0.0720191 0.0861597 0.841821
56.9 0.0718954 0.0857104 0.842394
57 0.0717726 0.0852633 0.842964
57.1 0.0716506 0.0848184 0.843531
57.2 0.0715295 0.0843755 0.844095
57.3 0.0714092 0.0839348 0.844656
57.4 0.0712897 0.0834961 0.845214
57.5 0.0711711 0.0830596 0.845769
57.6 0.0710533 0.0826251 0.846322
57.7 0.0709363 0.0821927 0.846871
57.8 0.0708201 0.0817624 0.847418
57.9 0.0707046 0.0813342 0.847961
58 0.07059 0.080908 0.848502
58.1 0.0704762 0.0804839 0.84904
58.2 0.0703631 0.0800618 0.849575
58.3 0.0702509 0.0796417 0.850107
58.4 0.0701393 0.0792237 0.850637
58.5 0.0700286 0.0788077 0.851164
58.6 0.0699186 0.0783937 0.851688
58.7 0.0698093 0.0779817 0.852209
58.8 0.0697008 0.0775716 0.852728
58.9 0.0695931 0.0771636 0.853243
59 0.069486 0.0767576 0.853756
59.1 0.0693797 0.0763535 0.854267
59.2 0.0692741 0.0759514 0.854774
59.3 0.0691693 0.0755513 0.855279
59.4 0.0690651 0.0751531 0.855782
59.5 0.0689616 0.0747569 0.856281
59.6 0.0688589 0.0743626 0.856779
59.7 0.0687568 0.0739702 0.857273
59.8 0.0686554 0.0735797 0.857765
59.9 0.0685547 0.0731912 0.858254
60 0.0684547 0.0728046 0.858741
60.1 0.0683554 0.0724198 0.859225
60.2 0.0682567 0.072037 0.859706
60.3 0.0681587 0.071656 0.860185
60.4 0.0680614 0.0712769 0.860662
60.5 0.0679647 0.0708997 0.861136
60.6 0.0678686 0.0705243 0.861607
60.7 0.0677732 0.0701508 0.862076
60.8 0.0676784 0.0697792 0.862542
60.9 0.0675843 0.0694093 0.863006
61 0.0674908 0.0690413 0.863468
61.1 0.0673979 0.0686752 0.863927
61.2 0.0673056 0.0683108 0.864384
61.3 0.067214 0.0679483 0.864838
61.4 0.067123 0.0675875 0.86529
61.5 0.0670325 0.0672286 0.865739
61.6 0.0669427 0.0668714 0.866186
61.7 0.0668535 0.066516 0.866631
61.8 0.0667648 0.0661624 0.867073
61.9 0.0666768 0.0658105 0.867513
62 0.0665893 0.0654604 0.86795
62.1 0.0665024 0.0651121 0.868386
62.2 0.0664161 0.0647655 0.868818
62.3 0.0663304 0.0644206 0.869249
62.4 0.0662452 0.0640774 0.869677
62.5 0.0661606 0.063736 0.870103
62.6 0.0660765 0.0633963 0.870527
62.7 0.065993 0.0630583 0.870949
62.8 0.06591 0.062722 0.871368
62.9 0.0658276 0.0623874 0.871785
63 0.0657458 0.0620544 0.8722
63.1 0.0656644 0.0617232 0.872612
63.2 0.0655836 0.0613936 0.873023
63.3 0.0655034 0.0610656 0.873431
63.4 0.0654236 0.0607393 0.873837
63.5 0.0653444 0.0604147 0.874241
63.6 0.0652657 0.0600917 0.874643
63.7 0.0651876 0.0597704 0.875042
63.8 0.0651099 0.0594506 0.875439
63.9 0.0650327 0.0591325 0.875835
64 0.0649561 0.058816 0.876228
64.1 0.0648799 0.0585011 0.876619
64.2 0.0648042 0.0581878 0.877008
64.3 0.0647291 0.0578761 0.877395
64.4 0.0646544 0.057566 0.87778
64.5 0.0645802 0.0572574 0.878162
64.6 0.0645065 0.0569505 0.878543
64.7 0.0644332 0.0566451 0.878922
64.8 0.0643605 0.0563412 0.879298
64.9 0.0642882 0.0560389 0.879673
65 0.0642164 0.0557381 0.880046
65.1 0.064145 0.0554389 0.880416
65.2 0.0640741 0.0551412 0.880785
65.3 0.0640037 0.054845 0.881151
65.4 0.0639337 0.0545503 0.881516
65.5 0.0638642 0.0542571 0.881879
65.6 0.0637951 0.0539655 0.882239
65.7 0.0637265 0.0536753 0.882598
65.8 0.0636583 0.0533866 0.882955
65.9 0.0635905 0.0530994 0.88331
66 0.0635232 0.0528137 0.883663
66.1 0.0634563 0.0525294 0.884014
66.2 0.0633899 0.0522466 0.884363
66.3 0.0633239 0.0519653 0.884711
66.4 0.0632583 0.0516854 0.885056
66.5 0.0631931 0.0514069 0.8854
66.6 0.0631283 0.0511299 0.885742
66.7 0.063064 0.0508543 0.886082
66.8 0.063 0.0505801 0.88642
66.9 0.0629365 0.0503074 0.886756
67 0.0628734 0.050036 0.887091
67.1 0.0628107 0.0497661 0.887423
67.2 0.0627484 0.0494975 0.887754
67.3 0.0626864 0.0492303 0.888083
67.4 0.0626249 0.0489645 0.888411
67.5 0.0625638 0.0487001 0.888736
67.6 0.062503 0.0484371 0.88906
67.7 0.0624427 0.0481754 0.889382
67.8 0.0623827 0.0479151 0.889702
67.9 0.0623231 0.0476561 0.890021
68 0.0622639 0.0473984 0.890338
68.1 0.0622051 0.0471421 0.890653
68.2 0.0621466 0.0468872 0.890966
68.3 0.0620885 0.0466335 0.891278
68.4 0.0620308 0.0463812 0.891588
68.5 0.0619734 0.0461302 0.891896
68.6 0.0619164 0.0458805 0.892203
68.7 0.0618598 0.0456321 0.892508
68.8 0.0618035 0.045385 0.892812
68.9 0.0617476 0.0451392 0.893113
69 0.061692 0.0448946 0.893413
69.1 0.0616368 0.0446513 0.893712
69.2 0.0615819 0.0444093 0.894009
69.3 0.0615274 0.0441686 0.894304
69.4 0.0614732 0.0439291 0.894598
69.5 0.0614194 0.0436909 0.89489
69.6 0.0613659 0.0434539 0.89518
69.7 0.0613127 0.0432182 0.895469
69.8 0.0612599 0.0429837 0.895756
69.9 0.0612074 0.0427504 0.896042
70 0.0611552 0.0425183 0.896326
70.1 0.0611034 0.0422875 0.896609
70.2 0.0610519 0.0420578 0.89689
70.3 0.0610007 0.0418294 0.89717
70.4 0.0609498 0.0416022 0.897448
70.5 0.0608993 0.0413761 0.897725
70.6 0.060849 0.0411513 0.898
70.7 0.0607991 0.0409276 0.898273
70.8 0.0607495 0.0407051 0.898545
70.9 0.0607002 0.0404838 0.898816
71 0.0606512 0.0402636 0.899085
71.1 0.0606025 0.0400446 0.899353
71.2 0.0605541 0.0398268 0.899619
71.3 0.060506 0.0396101 0.899884
71.4 0.0604582 0.0393945 0.900147
71.5 0.0604108 0.0391801 0.900409
71.6 0.0603636 0.0389668 0.90067
71.7 0.0603167 0.0387546 0.900929
71.8 0.0602701 0.0385435 0.901186
71.9 0.0602238 0.0383336 0.901443
72 0.0601777 0.0381248 0.901697
72.1 0.060132 0.037917 0.901951
72.2 0.0600865 0.0377104 0.902203
72.3 0.0600413 0.0375049 0.902454
72.4 0.0599964 0.0373004 0.902703
72.5 0.0599518 0.037097 0.902951
72.6 0.0599075 0.0368948 0.903198
72.7 0.0598634 0.0366935 0.903443
72.8 0.0598196 0.0364934 0.903687
72.9 0.0597761 0.0362943 0.90393
73 0.0597328 0.0360962 0.904171
73.1 0.0596899 0.0358992 0.904411
73.2 0.0596471 0.0357033 0.90465
73.3 0.0596047 0.0355084 0.904887
73.4 0.0595625 0.0353145 0.905123
73.5 0.0595205 0.0351216 0.905358
73.6 0.0594788 0.0349298 0.905591
73.7 0.0594374 0.034739 0.905824
73.8 0.0593963 0.0345492 0.906055
73.9 0.0593553 0.0343604 0.906284
74 0.0593147 0.0341727 0.906513
74.1 0.0592743 0.0339859 0.90674
74.2 0.0592341 0.0338001 0.906966
74.3 0.0591942 0.0336153 0.907191
74.4 0.0591545 0.0334315 0.907414
74.5 0.0591151 0.0332486 0.907636
74.6 0.0590759 0.0330668 0.907857
74.7 0.0590369 0.0328859 0.908077
74.8 0.0589982 0.032706 0.908296
74.9 0.0589597 0.032527 0.908513
75 0.0589215 0.032349 0.90873
75.1 0.0588835 0.0321719 0.908945
75.2 0.0588457 0.0319958 0.909158
75.3 0.0588082 0.0318206 0.909371
75.4 0.0587709 0.0316464 0.909583
75.5 0.0587338 0.0314731 0.909793
75.6 0.0586969 0.0313007 0.910002
75.7 0.0586603 0.0311292 0.91021
75.8 0.0586239 0.0309587 0.910417
75.9 0.0585877 0.030789 0.910623
76 0.0585517 0.0306203 0.910828
76.1 0.058516 0.0304525 0.911032
76.2 0.0584805 0.0302855 0.911234
76.3 0.0584451 0.0301195 0.911435
76.4 0.05841 0.0299544 0.911636
76.5 0.0583752 0.0297901 0.911835
76.6 0.0583405 0.0296267 0.912033
76.7 0.058306 0.0294642 0.91223
76.8 0.0582718 0.0293026 0.912426
76.9 0.0582377 0.0291418 0.91262
77 0.0582039 0.0289819 0.912814
77.1 0.0581703 0.0288228 0.913007
77.2 0.0581368 0.0286647 0.913199
77.3 0.0581036 0.0285073 0.913389
77.4 0.0580706 0.0283508 0.913579
77.5 0.0580377 0.0281952 0.913767
77.6 0.0580051 0.0280403 0.913955
77.7 0.0579727 0.0278863 0.914141
77.8 0.0579404 0.0277332 0.914326
77.9 0.0579084 0.0275808 0.914511
78 0.0578766 0.0274293 0.914694
78.1 0.0578449 0.0272786 0.914876
78.2 0.0578134 0.0271287 0.915058
78.3 0.0577822 0.0269796 0.915238
78.4 0.0577511 0.0268313 0.915418
78.5 0.0577202 0.0266839 0.915596
78.6 0.0576895 0.0265372 0.915773
78.7 0.0576589 0.0263913 0.91595
78.8 0.0576286 0.0262461 0.916125
78.9 0.0575984 0.0261018 0.9163
79 0.0575685 0.0259583 0.916473
79.1 0.0575387 0.0258155 0.916646
79.2 0.057509 0.0256735 0.916817
79.3 0.0574796 0.0255322 0.916988
79.4 0.0574503 0.0253917 0.917158
79.5 0.0574213 0.025252 0.917327
79.6 0.0573923 0.025113 0.917495
79.7 0.0573636 0.0249748 0.917662
79.8 0.057335 0.0248374 0.917828
79.9 0.0573066 0.0247006 0.917993
80 0.0572784 0.0245646 0.918157
80.1 0.0572504 0.0244294 0.91832
80.2 0.0572225 0.0242948 0.918483
80.3 0.0571948 0.024161 0.918644
80.4 0.0571672 0.024028 0.918805
80.5 0.0571398 0.0238956 0.918965
80.6 0.0571126 0.023764 0.919123
80.7 0.0570855 0.0236331 0.919281
80.8 0.0570586 0.0235028 0.919439
80.9 0.0570319 0.0233733 0.919595
81 0.0570053 0.0232445 0.91975
81.1 0.0569789 0.0231164 0.919905
81.2 0.0569526 0.022989 0.920058
81.3 0.0569265 0.0228622 0.920211
81.4 0.0569006 0.0227362 0.920363
81.5 0.0568748 0.0226108 0.920514
81.6 0.0568491 0.0224862 0.920665
81.7 0.0568236 0.0223622 0.920814
81.8 0.0567983 0.0222388 0.920963
81.9 0.0567731 0.0221162 0.921111
82 0.0567481 0.0219942 0.921258
82.1 0.0567232 0.0218728 0.921404
82.2 0.0566984 0.0217522 0.921549
82.3 0.0566738 0.0216321 0.921694
82.4 0.0566494 0.0215128 0.921838
82.5 0.0566251 0.021394 0.921981
82.6 0.0566009 0.021276 0.922123
82.7 0.0565769 0.0211585 0.922265
82.8 0.056553 0.0210417 0.922405
82.9 0.0565293 0.0209256 0.922545
83 0.0565057 0.02081 0.922684
83.1 0.0564823 0.0206951 0.922823
83.2 0.056459 0.0205809 0.92296
83.3 0.0564358 0.0204672 0.923097
83.4 0.0564128 0.0203542 0.923233
83.5 0.0563899 0.0202418 0.923368
83.6 0.0563671 0.0201299 0.923503
83.7 0.0563445 0.0200187 0.923637
83.8 0.056322 0.0199081 0.92377
83.9 0.0562996 0.0197981 0.923902
84 0.0562774 0.0196887 0.924034
84.1 0.0562553 0.0195799 0.924165
84.2 0.0562334 0.0194717 0.924295
84.3 0.0562115 0.0193641 0.924424
84.4 0.0561898 0.0192571 0.924553
84.5 0.0561682 0.0191506 0.924681
84.6 0.0561468 0.0190448 0.924808
84.7 0.0561255 0.0189395 0.924935
84.8 0.0561043 0.0188348 0.925061
84.9 0.0560832 0.0187306 0.925186
85 0.0560622 0.018627 0.925311
85.1 0.0560414 0.018524 0.925435
85.2 0.0560207 0.0184216 0.925558
85.3 0.0560001 0.0183197 0.92568
85.4 0.0559797 0.0182184 0.925802
85.5 0.0559593 0.0181176 0.925923
85.6 0.0559391 0.0180173 0.926044
85.7 0.055919 0.0179177 0.926163
85.8 0.0558991 0.0178185 0.926282
85.9 0.0558792 0.0177199 0.926401
86 0.0558594 0.0176219 0.926519
86.1 0.0558398 0.0175243 0.926636
86.2 0.0558203 0.0174273 0.926752
86.3 0.0558009 0.0173309 0.926868
86.4 0.0557816 0.0172349 0.926983
86.5 0.0557624 0.0171395 0.927098
86.6 0.0557434 0.0170446 0.927212
86.7 0.0557244 0.0169503 0.927325
86.8 0.0557056 0.0168564 0.927438
86.9 0.0556869 0.0167631 0.92755
87 0.0556683 0.0166702 0.927661
87.1 0.0556498 0.0165779 0.927772
87.2 0.0556314 0.0164861 0.927883
87.3 0.0556131 0.0163948 0.927992
87.4 0.0555949 0.016304 0.928101
87.5 0.0555768 0.0162137 0.92821
87.6 0.0555589 0.0161238 0.928317
87.7 0.055541 0.0160345 0.928424
87.8 0.0555232 0.0159457 0.928531
87.9 0.0555056 0.0158573 0.928637
88 0.055488 0.0157694 0.928743
88.1 0.0554706 0.0156821 0.928847
88.2 0.0554532 0.0155951 0.928952
88.3 0.055436 0.0155087 0.929055
88.4 0.0554188 0.0154228 0.929158
88.5 0.0554018 0.0153373 0.929261
88.6 0.0553848 0.0152522 0.929363
88.7 0.055368 0.0151677 0.929464
88.8 0.0553513 0.0150836 0.929565
88.9 0.0553346 0.015 0.929665
89 0.0553181 0.0149168 0.929765
89.1 0.0553016 0.0148341 0.929864
89.2 0.0552852 0.0147518 0.929963
89.3 0.055269 0.01467 0.930061
89.4 0.0552528 0.0145887 0.930159
89.5 0.0552367 0.0145077 0.930256
89.6 0.0552208 0.0144273 0.930352
89.7 0.0552049 0.0143472 0.930448
89.8 0.0551891 0.0142677 0.930543
89.9 0.0551734 0.0141885 0.930638
90 0.0551578 0.0141098 0.930732
90.1 0.0551422 0.0140315 0.930826
90.2 0.0551268 0.0139537 0.93092
90.3 0.0551115 0.0138762 0.931012
90.4 0.0550962 0.0137992 0.931105
90.5 0.0550811 0.0137226 0.931196
90.6 0.055066 0.0136465 0.931288
90.7 0.055051 0.0135708 0.931378
90.8 0.0550361 0.0134954 0.931468
90.9 0.0550213 0.0134205 0.931558
91 0.0550066 0.013346 0.931647
91.1 0.0549919 0.0132719 0.931736
91.2 0.0549774 0.0131983 0.931824
91.3 0.0549629 0.013125 0.931912
91.4 0.0549485 0.0130521 0.931999
91.5 0.0549342 0.0129796 0.932086
91.6 0.05492 0.0129076 0.932172
91.7 0.0549059 0.0128359 0.932258
91.8 0.0548918 0.0127646 0.932344
91.9 0.0548778 0.0126937 0.932428
92 0.0548639 0.0126232 0.932513
92.1 0.0548501 0.0125531 0.932597
92.2 0.0548364 0.0124834 0.93268
92.3 0.0548227 0.0124141 0.932763
92.4 0.0548092 0.0123451 0.932846
92.5 0.0547957 0.0122765 0.932928
92.6 0.0547823 0.0122083 0.933009
92.7 0.0547689 0.0121405 0.933091
92.8 0.0547557 0.012073 0.933171
92.9 0.0547425 0.012006 0.933252
93 0.0547294 0.0119393 0.933331
93.1 0.0547163 0.0118729 0.933411
93.2 0.0547034 0.0118069 0.93349
93.3 0.0546905 0.0117413 0.933568
93.4 0.0546777 0.0116761 0.933646
93.5 0.054665 0.0116112 0.933724
93.6 0.0546523 0.0115466 0.933801
93.7 0.0546397 0.0114825 0.933878
93.8 0.0546272 0.0114186 0.933954
93.9 0.0546148 0.0113552 0.93403
94 0.0546024 0.011292 0.934106
94.1 0.0545901 0.0112293 0.934181
94.2 0.0545779 0.0111668 0.934255
94.3 0.0545657 0.0111047 0.93433
94.4 0.0545537 0.011043 0.934403
94.5 0.0545416 0.0109816 0.934477
94.6 0.0545297 0.0109205 0.93455
94.7 0.0545178 0.0108598 0.934622
94.8 0.054506 0.0107994 0.934695
94.9 0.0544943 0.0107394 0.934766
95 0.0544826 0.0106796 0.934838
95.1 0.054471 0.0106202 0.934909
95.2 0.0544595 0.0105612 0.934979
95.3 0.054448 0.0105024 0.93505
95.4 0.0544366 0.010444 0.935119
95.5 0.0544253 0.0103859 0.935189
95.6 0.054414 0.0103282 0.935258
95.7 0.0544028 0.0102707 0.935327
95.8 0.0543916 0.0102136 0.935395
95.9 0.0543806 0.0101567 0.935463
96 0.0543695 0.0101002 0.93553
96.1 0.0543586 0.010044 0.935597
96.2 0.0543477 0.00998815 0.935664
96.3 0.0543369 0.00993257 0.935731
96.4 0.0543261 0.0098773 0.935797
96.5 0.0543154 0.00982233 0.935862
96.6 0.0543048 0.00976767 0.935928
96.7 0.0542942 0.00971332 0.935992
96.8 0.0542837 0.00965926 0.936057
96.9 0.0542732 0.0096055 0.936121
97 0.0542628 0.00955204 0.936185
97.1 0.0542525 0.00949887 0.936249
97.2 0.0542422 0.009446 0.936312
97.3 0.054232 0.00939342 0.936375
97.4 0.0542218 0.00934113 0.936437
97.5 0.0542117 0.00928913 0.936499
97.6 0.0542017 0.00923742 0.936561
97.7 0.0541917 0.00918599 0.936622
97.8 0.0541818 0.00913485 0.936683
97.9 0.0541719 0.00908399 0.936744
98 0.0541621 0.00903341 0.936804
98.1 0.0541523 0.00898311 0.936865
98.2 0.0541426 0.00893309 0.936924
98.3 0.054133 0.00888335 0.936984
98.4 0.0541234 0.00883388 0.937043
98.5 0.0541139 0.00878469 0.937101
98.6 0.0541044 0.00873577 0.93716
98.7 0.054095 0.00868712 0.937218
98.8 0.0540856 0.00863874 0.937276
98.9 0.0540763 0.00859063 0.937333
99 0.054067 0.00854278 0.93739
99.1 0.0540578 0.0084952 0.937447
99.2 0.0540486 0.00844788 0.937503
99.3 0.0540395 0.00840082 0.93756
99.4 0.0540305 0.00835403 0.937615
99.5 0.0540215 0.00830749 0.937671
99.6 0.0540125 0.00826121 0.937726
99.7 0.0540036 0.00821519 0.937781
99.8 0.0539948 0.00816942 0.937836
99.9 0.053986 0.00812391 0.93789
100 0.0539772 0.00807864 0.937944
100.1 0.0539685 0.00803363 0.937998
100.2 0.0539599 0.00798887 0.938051
100.3 0.0539513 0.00794436 0.938104
100.4 0.0539427 0.00790009 0.938157
100.5 0.0539343 0.00785607 0.93821
100.6 0.0539258 0.00781229 0.938262
100.7 0.0539174 0.00776875 0.938314
100.8 0.053909 0.00772546 0.938365
100.9 0.0539007 0.00768241 0.938417
101 0.0538925 0.00763959 0.938468
101.1 0.0538843 0.00759701 0.938519
101.2 0.0538761 0.00755467 0.938569
101.3 0.053868 0.00751257 0.938619
101.4 0.0538599 0.00747069 0.938669
101.5 0.0538519 0.00742905 0.938719
101.6 0.0538439 0.00738764 0.938768
101.7 0.053836 0.00734646 0.938818
101.8 0.0538281 0.00730551 0.938866
101.9 0.0538203 0.00726478 0.938915
102 0.0538125 0.00722428 0.938963
102.1 0.0538047 0.00718401 0.939011
102.2 0.053797 0.00714396 0.939059
102.3 0.0537893 0.00710413 0.939107
102.4 0.0537817 0.00706452 0.939154
102.5 0.0537741 0.00702513 0.939201
102.6 0.0537666 0.00698596 0.939247
102.7 0.0537591 0.00694701 0.939294
102.8 0.0537517 0.00690827 0.93934
102.9 0.0537443 0.00686975 0.939386
103 0.0537369 0.00683144 0.939432
103.1 0.0537296 0.00679335 0.939477
103.2 0.0537223 0.00675547 0.939522
103.3 0.0537151 0.00671779 0.939567
103.4 0.0537079 0.00668033 0.939612
103.5 0.0537007 0.00664307 0.939656
103.6 0.0536936 0.00660602 0.9397
103.7 0.0536865 0.00656918 0.939744
103.8 0.0536795 0.00653254 0.939788
103.9 0.0536725 0.00649611 0.939831
104 0.0536655 0.00645987 0.939875
104.1 0.0536586 0.00642384 0.939918
104.2 0.0536517 0.00638801 0.93996
104.3 0.0536449 0.00635238 0.940003
104.4 0.0536381 0.00631694 0.940045
104.5 0.0536314 0.0062817 0.940087
104.6 0.0536246 0.00624666 0.940129
104.7 0.053618 0.00621181 0.94017
104.8 0.0536113 0.00617716 0.940212
104.9 0.0536047 0.0061427 0.940253
105 0.0535981 0.00610843 0.940293
105.1 0.0535916 0.00607435 0.940334
105.2 0.0535851 0.00604046 0.940374
105.3 0.0535787 0.00600675 0.940415
105.4 0.0535723 0.00597324 0.940455
105.5 0.0535659 0.00593991 0.940494
105.6 0.0535595 0.00590677 0.940534
105.7 0.0535532 0.00587381 0.940573
105.8 0.0535469 0.00584103 0.940612
105.9 0.0535407 0.00580844 0.940651
106 0.0535345 0.00577603 0.940689
106.1 0.0535283 0.00574379 0.940728
106.2 0.0535222 0.00571174 0.940766
106.3 0.0535161 0.00567986 0.940804
106.4 0.05351 0.00564817 0.940842
106.5 0.053504 0.00561664 0.940879
106.6 0.053498 0.0055853 0.940917
106.7 0.0534921 0.00555413 0.940954
106.8 0.0534861 0.00552313 0.940991
106.9 0.0534802 0.0054923 0.941027
107 0.0534744 0.00546164 0.941064
107.1 0.0534686 0.00543116 0.9411
107.2 0.0534628 0.00540084 0.941136
107.3 0.053457 0.0053707 0.941172
107.4 0.0534513 0.00534072 0.941208
107.5 0.0534456 0.00531091 0.941243
107.6 0.0534399 0.00528126 0.941279
107.7 0.0534343 0.00525178 0.941314
107.8 0.0534287 0.00522246 0.941349
107.9 0.0534231 0.00519331 0.941384
108 0.0534176 0.00516431 0.941418
108.1 0.0534121 0.00513548 0.941452
108.2 0.0534066 0.00510681 0.941487
108.3 0.0534012 0.0050783 0.94152
108.4 0.0533958 0.00504995 0.941554
108.5 0.0533904 0.00502176 0.941588
108.6 0.0533851 0.00499372 0.941621
108.7 0.0533798 0.00496584 0.941654
108.8 0.0533745 0.00493811 0.941687
108.9 0.0533692 0.00491054 0.94172
109 0.053364 0.00488312 0.941753
109.1 0.0533588 0.00485585 0.941785
109.2 0.0533536 0.00482874 0.941818
109.3 0.0533485 0.00480177 0.94185
109.4 0.0533434 0.00477496 0.941882
109.5 0.0533383 0.0047483 0.941913
109.6 0.0533332 0.00472178 0.941945
109.7 0.0533282 0.00469541 0.941976
109.8 0.0533232 0.00466919 0.942008
109.9 0.0533183 0.00464311 0.942039
110 0.0533133 0.00461718 0.942069
110.1 0.0533084 0.0045914 0.9421
110.2 0.0533035 0.00456576 0.942131
110.3 0.0532987 0.00454026 0.942161
110.4 0.0532939 0.0045149 0.942191
110.5 0.0532891 0.00448968 0.942221
110.6 0.0532843 0.00446461 0.942251
110.7 0.0532795 0.00443967 0.942281
110.8 0.0532748 0.00441487 0.94231
110.9 0.0532701 0.00439021 0.94234
111 0.0532655 0.00436569 0.942369
111.1 0.0532608 0.0043413 0.942398
111.2 0.0532562 0.00431705 0.942427
111.3 0.0532516 0.00429294 0.942455
111.4 0.0532471 0.00426896 0.942484
111.5 0.0532425 0.00424511 0.942512
111.6 0.053238 0.0042214 0.942541
111.7 0.0532336 0.00419782 0.942569
111.8 0.0532291 0.00417437 0.942597
111.9 0.0532247 0.00415105 0.942624
112 0.0532203 0.00412786 0.942652
112.1 0.0532159 0.00410479 0.942679
112.2 0.0532115 0.00408186 0.942707
112.3 0.0532072 0.00405906 0.942734
112.4 0.0532029 0.00403638 0.942761
112.5 0.0531986 0.00401383 0.942788
112.6 0.0531943 0.0039914 0.942814
112.7 0.0531901 0.0039691 0.942841
112.8 0.0531859 0.00394693 0.942867
112.9 0.0531817 0.00392487 0.942893
113 0.0531775 0.00390294 0.94292
113.1 0.0531734 0.00388114 0.942945
113.2 0.0531693 0.00385945 0.942971
113.3 0.0531652 0.00383788 0.942997
113.4 0.0531611 0.00381644 0.943022
113.5 0.0531571 0.00379511 0.943048
113.6 0.0531531 0.00377391 0.943073
113.7 0.0531491 0.00375282 0.943098
113.8 0.0531451 0.00373185 0.943123
113.9 0.0531411 0.00371099 0.943148
114 0.0531372 0.00369026 0.943173
114.1 0.0531333 0.00366963 0.943197
114.2 0.0531294 0.00364913 0.943221
114.3 0.0531255 0.00362873 0.943246
114.4 0.0531217 0.00360845 0.94327
114.5 0.0531179 0.00358829 0.943294
114.6 0.0531141 0.00356823 0.943318
114.7 0.0531103 0.00354829 0.943341
114.8 0.0531065 0.00352846 0.943365
114.9 0.0531028 0.00350874 0.943388
115 0.0530991 0.00348913 0.943412
115.1 0.0530954 0.00346963 0.943435
115.2 0.0530917 0.00345024 0.943458
115.3 0.053088 0.00343095 0.943481
115.4 0.0530844 0.00341178 0.943504
115.5 0.0530808 0.00339271 0.943526
115.6 0.0530772 0.00337374 0.943549
115.7 0.0530736 0.00335489 0.943571
115.8 0.0530701 0.00333613 0.943594
115.9 0.0530666 0.00331749 0.943616
116 0.053063 0.00329894 0.943638
116.1 0.0530596 0.0032805 0.94366
116.2 0.0530561 0.00326217 0.943682
116.3 0.0530526 0.00324393 0.943703
116.4 0.0530492 0.0032258 0.943725
116.5 0.0530458 0.00320776 0.943746
116.6 0.0530424 0.00318983 0.943768
116.7 0.053039 0.003172 0.943789
116.8 0.0530357 0.00315427 0.94381
116.9 0.0530323 0.00313664 0.943831
117 0.053029 0.0031191 0.943852
117.1 0.0530257 0.00310166 0.943873
117.2 0.0530224 0.00308432 0.943893
117.3 0.0530192 0.00306708 0.943914
117.4 0.0530159 0.00304993 0.943934
117.5 0.0530127 0.00303288 0.943954
117.6 0.0530095 0.00301593 0.943975
117.7 0.0530063 0.00299906 0.943995
117.8 0.0530031 0.0029823 0.944015
117.9 0.053 0.00296562 0.944034
118 0.0529968 0.00294904 0.944054
118.1 0.0529937 0.00293255 0.944074
118.2 0.0529906 0.00291616 0.944093
118.3 0.0529875 0.00289985 0.944113
118.4 0.0529845 0.00288364 0.944132
118.5 0.0529814 0.00286752 0.944151
118.6 0.0529784 0.00285148 0.94417
118.7 0.0529754 0.00283554 0.944189
118.8 0.0529724 0.00281968 0.944208
118.9 0.0529694 0.00280392 0.944227
119 0.0529665 0.00278824 0.944245
119.1 0.0529635 0.00277265 0.944264
119.2 0.0529606 0.00275714 0.944282
119.3 0.0529577 0.00274173 0.944301
119.4 0.0529548 0.0027264 0.944319
119.5 0.0529519 0.00271115 0.944337
119.6 0.052949 0.00269599 0.944355
119.7 0.0529462 0.00268091 0.944373
119.8 0.0529434 0.00266592 0.944391
119.9 0.0529405 0.00265101 0.944408
120 0.0529377 0.00263619 0.944426
120.1 0.052935 0.00262145 0.944444
120.2 0.0529322 0.00260679 0.944461
120.3 0.0529294 0.00259221 0.944478
120.4 0.0529267 0.00257771 0.944496
120.5 0.052924 0.0025633 0.944513
120.6 0.0529213 0.00254896 0.94453
120.7 0.0529186 0.0025347 0.944547
120.8 0.0529159 0.00252053 0.944564
120.9 0.0529133 0.00250643 0.94458
