0 0.899099 0.100233 0.000667444
0.1 0.898198 0.100466 0.00133644
0.2 0.897295 0.100698 0.00200699
0.3 0.89639 0.10093 0.00267909
0.4 0.895485 0.101162 0.00335273
0.5 0.894579 0.101393 0.00402791
0.6 0.893671 0.101624 0.00470464
0.7 0.892762 0.101855 0.0053829
0.8 0.891852 0.102085 0.0060627
0.9 0.890941 0.102315 0.00674403
1 0.890029 0.102544 0.00742689
1.1 0.889116 0.102773 0.00811128
1.2 0.888202 0.103001 0.00879719
1.3 0.887286 0.103229 0.00948463
1.4 0.88637 0.103456 0.0101736
1.5 0.885452 0.103684 0.010864
1.6 0.884534 0.10391 0.011556
1.7 0.883614 0.104136 0.0122495
1.8 0.882693 0.104362 0.0129445
1.9 0.881772 0.104587 0.013641
2 0.880849 0.104812 0.014339
2.1 0.879925 0.105036 0.0150385
2.2 0.879001 0.10526 0.0157395
2.3 0.878075 0.105483 0.016442
2.4 0.877148 0.105706 0.0171459
2.5 0.87622 0.105928 0.0178514
2.6 0.875292 0.10615 0.0185583
2.7 0.874362 0.106371 0.0192667
2.8 0.873432 0.106592 0.0199766
2.9 0.8725 0.106812 0.0206879
3 0.871568 0.107031 0.0214007
3.1 0.870634 0.10725 0.022115
3.2 0.8697 0.107469 0.0228307
3.3 0.868765 0.107687 0.0235479
3.4 0.867829 0.107904 0.0242666
3.5 0.866892 0.108121 0.0249867
3.6 0.865955 0.108337 0.0257082
3.7 0.865016 0.108553 0.0264311
3.8 0.864077 0.108768 0.0271556
3.9 0.863136 0.108982 0.0278814
4 0.862195 0.109196 0.0286086
4.1 0.861253 0.109409 0.0293373
4.2 0.860311 0.109622 0.0300674
4.3 0.859367 0.109834 0.030799
4.4 0.858423 0.110045 0.0315319
4.5 0.857478 0.110256 0.0322662
4.6 0.856532 0.110466 0.033002
4.7 0.855586 0.110675 0.0337391
4.8 0.854638 0.110884 0.0344776
4.9 0.85369 0.111092 0.0352176
5 0.852742 0.1113 0.0359589
5.1 0.851792 0.111506 0.0367015
5.2 0.850842 0.111712 0.0374456
5.3 0.849891 0.111918 0.038191
5.4 0.84894 0.112123 0.0389378
5.5 0.847987 0.112327 0.039686
5.6 0.847035 0.11253 0.0404355
5.7 0.846081 0.112733 0.0411864
5.8 0.845127 0.112934 0.0419386
5.9 0.844172 0.113136 0.0426922
6 0.843217 0.113336 0.0434471
6.1 0.842261 0.113536 0.0442033
6.2 0.841304 0.113735 0.0449609
6.3 0.840347 0.113933 0.0457198
6.4 0.839389 0.114131 0.04648
6.5 0.838431 0.114327 0.0472415
6.6 0.837472 0.114523 0.0480044
6.7 0.836513 0.114719 0.0487685
6.8 0.835553 0.114913 0.049534
6.9 0.834593 0.115107 0.0503007
7 0.833632 0.1153 0.0510687
7.1 0.83267 0.115492 0.051838
7.2 0.831708 0.115683 0.0526086
7.3 0.830746 0.115874 0.0533805
7.4 0.829783 0.116063 0.0541536
7.5 0.82882 0.116252 0.054928
7.6 0.827856 0.11644 0.0557036
7.7 0.826892 0.116628 0.0564805
7.8 0.825927 0.116814 0.0572586
7.9 0.824962 0.117 0.058038
8 0.823997 0.117184 0.0588186
8.1 0.823031 0.117368 0.0596005
8.2 0.822065 0.117551 0.0603835
8.3 0.821098 0.117734 0.0611678
8.4 0.820132 0.117915 0.0619533
8.5 0.819164 0.118096 0.06274
8.6 0.818197 0.118275 0.0635279
8.7 0.817229 0.118454 0.064317
8.8 0.816261 0.118632 0.0651073
8.9 0.815292 0.118809 0.0658988
9 0.814323 0.118985 0.0666914
9.1 0.813354 0.11916 0.0674853
9.2 0.812385 0.119335 0.0682802
9.3 0.811415 0.119508 0.0690764
9.4 0.810446 0.119681 0.0698737
9.5 0.809476 0.119852 0.0706721
9.6 0.808505 0.120023 0.0714717
9.7 0.807535 0.120193 0.0722724
9.8 0.806564 0.120362 0.0730743
9.9 0.805593 0.12053 0.0738772
10 0.804622 0.120697 0.0746813
10.1 0.803651 0.120863 0.0754865
10.2 0.80268 0.121028 0.0762928
10.3 0.801708 0.121192 0.0771002
10.4 0.800736 0.121355 0.0779087
10.5 0.799765 0.121517 0.0787183
10.6 0.798793 0.121678 0.079529
10.7 0.797821 0.121839 0.0803407
10.8 0.796848 0.121998 0.0811535
10.9 0.795876 0.122156 0.0819673
11 0.794904 0.122314 0.0827822
11.1 0.793932 0.12247 0.0835982
11.2 0.792959 0.122625 0.0844151
11.3 0.791987 0.12278 0.0852332
11.4 0.791015 0.122933 0.0860522
11.5 0.790042 0.123086 0.0868723
11.6 0.78907 0.123237 0.0876933
11.7 0.788097 0.123387 0.0885154
11.8 0.787125 0.123537 0.0893385
11.9 0.786153 0.123685 0.0901626
12 0.78518 0.123832 0.0909876
12.1 0.784208 0.123978 0.0918137
12.2 0.783236 0.124124 0.0926407
12.3 0.782264 0.124268 0.0934686
12.4 0.781292 0.124411 0.0942976
12.5 0.78032 0.124553 0.0951275
12.6 0.779348 0.124694 0.0959583
12.7 0.778376 0.124834 0.09679
12.8 0.777404 0.124973 0.0976227
12.9 0.776433 0.125111 0.0984563
13 0.775462 0.125248 0.0992909
13.1 0.77449 0.125383 0.100126
13.2 0.773519 0.125518 0.100963
13.3 0.772549 0.125652 0.1018
13.4 0.771578 0.125784 0.102638
13.5 0.770608 0.125915 0.103477
13.6 0.769637 0.126046 0.104317
13.7 0.768667 0.126175 0.105158
13.8 0.767698 0.126303 0.105999
13.9 0.766728 0.12643 0.106842
14 0.765759 0.126556 0.107685
14.1 0.76479 0.126681 0.108529
14.2 0.763821 0.126805 0.109374
14.3 0.762853 0.126927 0.11022
14.4 0.761885 0.127049 0.111066
14.5 0.760917 0.127169 0.111914
14.6 0.759949 0.127289 0.112762
14.7 0.758982 0.127407 0.113611
14.8 0.758015 0.127524 0.114461
14.9 0.757049 0.12764 0.115311
15 0.756083 0.127755 0.116163
15.1 0.755117 0.127868 0.117015
15.2 0.754152 0.127981 0.117867
15.3 0.753187 0.128092 0.118721
15.4 0.752222 0.128202 0.119575
15.5 0.751258 0.128312 0.12043
15.6 0.750294 0.12842 0.121286
15.7 0.749331 0.128526 0.122143
15.8 0.748368 0.128632 0.123
15.9 0.747406 0.128737 0.123858
16 0.746444 0.12884 0.124716
16.1 0.745482 0.128942 0.125576
16.2 0.744521 0.129043 0.126436
16.3 0.743561 0.129143 0.127296
16.4 0.742601 0.129242 0.128157
16.5 0.741641 0.129339 0.129019
16.6 0.740682 0.129436 0.129882
16.7 0.739724 0.129531 0.130745
16.8 0.738766 0.129625 0.131609
16.9 0.737809 0.129718 0.132474
17 0.736852 0.12981 0.133339
17.1 0.735896 0.1299 0.134204
17.2 0.73494 0.129989 0.135071
17.3 0.733985 0.130078 0.135938
17.4 0.73303 0.130165 0.136805
17.5 0.732077 0.13025 0.137673
17.6 0.731123 0.130335 0.138542
17.7 0.730171 0.130418 0.139411
17.8 0.729219 0.130501 0.140281
17.9 0.728268 0.130582 0.141151
18 0.727317 0.130661 0.142022
18.1 0.726367 0.13074 0.142893
18.2 0.725418 0.130818 0.143765
18.3 0.724469 0.130894 0.144637
18.4 0.723521 0.130969 0.14551
18.5 0.722574 0.131043 0.146384
18.6 0.721627 0.131115 0.147257
18.7 0.720681 0.131187 0.148132
18.8 0.719736 0.131257 0.149007
18.9 0.718792 0.131326 0.149882
19 0.717848 0.131394 0.150758
19.1 0.716906 0.131461 0.151634
19.2 0.715964 0.131526 0.15251
19.3 0.715022 0.13159 0.153387
19.4 0.714082 0.131653 0.154265
19.5 0.713142 0.131715 0.155143
19.6 0.712203 0.131776 0.156021
19.7 0.711265 0.131835 0.1569
19.8 0.710328 0.131893 0.157779
19.9 0.709391 0.13195 0.158658
20 0.708456 0.132006 0.159538
20.1 0.707521 0.132061 0.160418
20.2 0.706587 0.132114 0.161299
20.3 0.705654 0.132166 0.16218
20.4 0.704722 0.132217 0.163061
20.5 0.70379 0.132267 0.163943
20.6 0.70286 0.132315 0.164825
20.7 0.70193 0.132363 0.165707
20.8 0.701002 0.132409 0.16659
20.9 0.700074 0.132454 0.167472
21 0.699147 0.132497 0.168356
21.1 0.698221 0.13254 0.169239
21.2 0.697296 0.132581 0.170123
21.3 0.696372 0.132621 0.171007
21.4 0.695449 0.13266 0.171891
21.5 0.694527 0.132697 0.172776
21.6 0.693606 0.132734 0.17366
21.7 0.692686 0.132769 0.174545
21.8 0.691767 0.132803 0.175431
21.9 0.690849 0.132835 0.176316
22 0.689931 0.132867 0.177202
22.1 0.689015 0.132897 0.178088
22.2 0.6881 0.132926 0.178974
22.3 0.687186 0.132954 0.17986
22.4 0.686273 0.132981 0.180746
22.5 0.685361 0.133006 0.181633
22.6 0.68445 0.133031 0.18252
22.7 0.68354 0.133054 0.183407
22.8 0.682631 0.133075 0.184294
22.9 0.681723 0.133096 0.185181
23 0.680816 0.133116 0.186069
23.1 0.67991 0.133134 0.186956
23.2 0.679006 0.133151 0.187844
23.3 0.678102 0.133167 0.188731
23.4 0.6772 0.133181 0.189619
23.5 0.676298 0.133195 0.190507
23.6 0.675398 0.133207 0.191395
23.7 0.674499 0.133218 0.192283
23.8 0.673601 0.133228 0.193171
23.9 0.672704 0.133236 0.19406
24 0.671808 0.133244 0.194948
24.1 0.670914 0.13325 0.195836
24.2 0.67002 0.133255 0.196725
24.3 0.669128 0.133259 0.197613
24.4 0.668237 0.133262 0.198501
24.5 0.667347 0.133263 0.19939
24.6 0.666458 0.133264 0.200278
24.7 0.665571 0.133263 0.201167
24.8 0.664684 0.133261 0.202055
24.9 0.663799 0.133257 0.202943
25 0.662915 0.133253 0.203832
25.1 0.662032 0.133247 0.20472
25.2 0.661151 0.133241 0.205608
25.3 0.660271 0.133233 0.206497
25.4 0.659392 0.133224 0.207385
25.5 0.658514 0.133213 0.208273
25.6 0.657637 0.133202 0.209161
25.7 0.656762 0.133189 0.210049
25.8 0.655888 0.133176 0.210937
25.9 0.655015 0.133161 0.211825
26 0.654143 0.133144 0.212712
26.1 0.653273 0.133127 0.2136
26.2 0.652404 0.133109 0.214487
26.3 0.651536 0.133089 0.215375
26.4 0.65067 0.133069 0.216262
26.5 0.649804 0.133047 0.217149
26.6 0.64894 0.133024 0.218036
26.7 0.648078 0.133 0.218923
26.8 0.647217 0.132974 0.219809
26.9 0.646357 0.132948 0.220696
27 0.645498 0.13292 0.221582
27.1 0.644641 0.132892 0.222468
27.2 0.643785 0.132862 0.223354
27.3 0.64293 0.132831 0.224239
27.4 0.642077 0.132799 0.225125
27.5 0.641225 0.132765 0.22601
27.6 0.640374 0.132731 0.226895
27.7 0.639525 0.132696 0.22778
27.8 0.638677 0.132659 0.228664
27.9 0.63783 0.132621 0.229548
28 0.636985 0.132583 0.230433
28.1 0.636141 0.132543 0.231316
28.2 0.635299 0.132502 0.2322
28.3 0.634458 0.13246 0.233083
28.4 0.633618 0.132416 0.233966
28.5 0.63278 0.132372 0.234848
28.6 0.631943 0.132327 0.235731
28.7 0.631107 0.13228 0.236613
28.8 0.630273 0.132233 0.237495
28.9 0.62944 0.132184 0.238376
29 0.628609 0.132134 0.239257
29.1 0.627779 0.132083 0.240138
29.2 0.626951 0.132031 0.241018
29.3 0.626123 0.131978 0.241898
29.4 0.625298 0.131924 0.242778
29.5 0.624474 0.131869 0.243657
29.6 0.623651 0.131813 0.244536
29.7 0.622829 0.131756 0.245415
29.8 0.62201 0.131698 0.246293
29.9 0.621191 0.131638 0.247171
30 0.620374 0.131578 0.248048
30.1 0.619559 0.131516 0.248925
30.2 0.618745 0.131454 0.249802
30.3 0.617932 0.13139 0.250678
30.4 0.617121 0.131326 0.251553
30.5 0.616311 0.13126 0.252429
30.6 0.615503 0.131194 0.253304
30.7 0.614696 0.131126 0.254178
30.8 0.613891 0.131057 0.255052
30.9 0.613087 0.130988 0.255925
31 0.612285 0.130917 0.256798
31.1 0.611484 0.130845 0.257671
31.2 0.610684 0.130773 0.258543
31.3 0.609887 0.130699 0.259415
31.4 0.60909 0.130624 0.260286
31.5 0.608295 0.130548 0.261156
31.6 0.607502 0.130472 0.262026
31.7 0.60671 0.130394 0.262896
31.8 0.60592 0.130315 0.263765
31.9 0.605131 0.130236 0.264633
32 0.604343 0.130155 0.265501
32.1 0.603558 0.130074 0.266369
32.2 0.602773 0.129991 0.267236
32.3 0.601991 0.129907 0.268102
32.4 0.601209 0.129823 0.268968
32.5 0.60043 0.129737 0.269833
32.6 0.599651 0.129651 0.270698
32.7 0.598875 0.129564 0.271562
32.8 0.598099 0.129475 0.272425
32.9 0.597326 0.129386 0.273288
33 0.596554 0.129296 0.27415
33.1 0.595783 0.129205 0.275012
33.2 0.595014 0.129113 0.275873
33.3 0.594247 0.12902 0.276733
33.4 0.593481 0.128926 0.277593
33.5 0.592716 0.128831 0.278452
33.6 0.591954 0.128735 0.279311
33.7 0.591192 0.128639 0.280169
33.8 0.590433 0.128541 0.281026
33.9 0.589674 0.128443 0.281883
34 0.588918 0.128343 0.282739
34.1 0.588163 0.128243 0.283594
34.2 0.587409 0.128142 0.284449
34.3 0.586657 0.12804 0.285303
34.4 0.585907 0.127937 0.286156
34.5 0.585158 0.127833 0.287008
34.6 0.584411 0.127729 0.28786
34.7 0.583665 0.127623 0.288711
34.8 0.582921 0.127517 0.289562
34.9 0.582179 0.12741 0.290412
35 0.581438 0.127302 0.291261
35.1 0.580698 0.127193 0.292109
35.2 0.57996 0.127083 0.292957
35.3 0.579224 0.126972 0.293803
35.4 0.578489 0.126861 0.29465
35.5 0.577756 0.126749 0.295495
35.6 0.577025 0.126636 0.29634
35.7 0.576295 0.126522 0.297183
35.8 0.575567 0.126407 0.298027
35.9 0.57484 0.126291 0.298869
36 0.574115 0.126175 0.29971
36.1 0.573391 0.126058 0.300551
36.2 0.572669 0.12594 0.301391
36.3 0.571949 0.125821 0.30223
36.4 0.57123 0.125701 0.303069
36.5 0.570513 0.125581 0.303906
36.6 0.569797 0.12546 0.304743
36.7 0.569083 0.125338 0.305579
36.8 0.56837 0.125215 0.306414
36.9 0.567659 0.125092 0.307249
37 0.56695 0.124968 0.308082
37.1 0.566242 0.124843 0.308915
37.2 0.565536 0.124717 0.309747
37.3 0.564832 0.12459 0.310578
37.4 0.564129 0.124463 0.311408
37.5 0.563428 0.124335 0.312237
37.6 0.562728 0.124206 0.313066
37.7 0.56203 0.124077 0.313893
37.8 0.561333 0.123947 0.31472
37.9 0.560638 0.123816 0.315546
38 0.559945 0.123684 0.316371
38.1 0.559253 0.123552 0.317195
38.2 0.558563 0.123419 0.318018
38.3 0.557874 0.123285 0.318841
38.4 0.557187 0.12315 0.319662
38.5 0.556502 0.123015 0.320483
38.6 0.555818 0.122879 0.321302
38.7 0.555136 0.122743 0.322121
38.8 0.554455 0.122606 0.322939
38.9 0.553776 0.122468 0.323756
39 0.553099 0.122329 0.324572
39.1 0.552423 0.12219 0.325387
39.2 0.551749 0.12205 0.326201
39.3 0.551076 0.121909 0.327014
39.4 0.550405 0.121768 0.327827
39.5 0.549736 0.121626 0.328638
39.6 0.549068 0.121484 0.329448
39.7 0.548402 0.121341 0.330258
39.8 0.547737 0.121197 0.331066
39.9 0.547074 0.121052 0.331874
40 0.546413 0.120907 0.33268
40.1 0.545753 0.120761 0.333486
40.2 0.545095 0.120615 0.33429
40.3 0.544438 0.120468 0.335094
40.4 0.543783 0.120321 0.335897
40.5 0.543129 0.120172 0.336698
40.6 0.542477 0.120024 0.337499
40.7 0.541827 0.119874 0.338298
40.8 0.541178 0.119724 0.339097
40.9 0.540531 0.119574 0.339895
41 0.539886 0.119423 0.340691
41.1 0.539242 0.119271 0.341487
41.2 0.538599 0.119119 0.342282
41.3 0.537959 0.118966 0.343075
41.4 0.537319 0.118813 0.343868
41.5 0.536682 0.118659 0.34466
41.6 0.536046 0.118504 0.34545
41.7 0.535411 0.118349 0.34624
41.8 0.534779 0.118193 0.347028
41.9 0.534147 0.118037 0.347815
42 0.533518 0.117881 0.348602
42.1 0.532889 0.117723 0.349387
42.2 0.532263 0.117566 0.350172
42.3 0.531638 0.117407 0.350955
42.4 0.531015 0.117249 0.351737
42.5 0.530393 0.117089 0.352518
42.6 0.529772 0.116929 0.353298
42.7 0.529154 0.116769 0.354077
42.8 0.528537 0.116608 0.354855
42.9 0.527921 0.116447 0.355632
43 0.527307 0.116285 0.356408
43.1 0.526695 0.116123 0.357182
43.2 0.526084 0.11596 0.357956
43.3 0.525475 0.115797 0.358729
43.4 0.524867 0.115633 0.3595
43.5 0.524261 0.115469 0.36027
43.6 0.523656 0.115304 0.36104
43.7 0.523053 0.115139 0.361808
43.8 0.522452 0.114974 0.362575
43.9 0.521852 0.114807 0.363341
44 0.521254 0.114641 0.364105
44.1 0.520657 0.114474 0.364869
44.2 0.520061 0.114307 0.365632
44.3 0.519468 0.114139 0.366393
44.4 0.518876 0.113971 0.367154
44.5 0.518285 0.113802 0.367913
44.6 0.517696 0.113633 0.368671
44.7 0.517109 0.113463 0.369428
44.8 0.516523 0.113294 0.370184
44.9 0.515938 0.113123 0.370939
45 0.515355 0.112953 0.371692
45.1 0.514774 0.112781 0.372445
45.2 0.514194 0.11261 0.373196
45.3 0.513616 0.112438 0.373946
45.4 0.513039 0.112266 0.374695
45.5 0.512464 0.112093 0.375443
45.6 0.51189 0.11192 0.37619
45.7 0.511318 0.111747 0.376935
45.8 0.510747 0.111573 0.37768
45.9 0.510178 0.111399 0.378423
46 0.509611 0.111224 0.379165
46.1 0.509045 0.111049 0.379906
46.2 0.50848 0.110874 0.380646
46.3 0.507917 0.110699 0.381384
46.4 0.507356 0.110523 0.382122
46.5 0.506796 0.110346 0.382858
46.6 0.506237 0.11017 0.383593
46.7 0.50568 0.109993 0.384327
46.8 0.505125 0.109816 0.385059
46.9 0.504571 0.109638 0.385791
47 0.504018 0.10946 0.386521
47.1 0.503467 0.109282 0.38725
47.2 0.502918 0.109104 0.387978
47.3 0.50237 0.108925 0.388705
47.4 0.501824 0.108746 0.389431
47.5 0.501279 0.108566 0.390155
47.6 0.500735 0.108387 0.390878
47.7 0.500193 0.108207 0.3916
47.8 0.499653 0.108026 0.392321
47.9 0.499114 0.107846 0.393041
48 0.498576 0.107665 0.393759
48.1 0.49804 0.107484 0.394476
48.2 0.497506 0.107302 0.395192
48.3 0.496972 0.107121 0.395907
48.4 0.496441 0.106939 0.39662
48.5 0.495911 0.106757 0.397333
48.6 0.495382 0.106574 0.398044
48.7 0.494855 0.106392 0.398754
48.8 0.494329 0.106209 0.399462
48.9 0.493805 0.106026 0.40017
49 0.493282 0.105842 0.400876
49.1 0.492761 0.105658 0.401581
49.2 0.492241 0.105475 0.402285
49.3 0.491722 0.105291 0.402987
49.4 0.491205 0.105106 0.403689
49.5 0.49069 0.104922 0.404389
49.6 0.490175 0.104737 0.405088
49.7 0.489663 0.104552 0.405785
49.8 0.489152 0.104367 0.406482
49.9 0.488642 0.104181 0.407177
50 0.488133 0.103996 0.407871
50.1 0.487626 0.10381 0.408563
50.2 0.487121 0.103624 0.409255
50.3 0.486617 0.103438 0.409945
50.4 0.486114 0.103252 0.410634
50.5 0.485613 0.103065 0.411322
50.6 0.485113 0.102878 0.412008
50.7 0.484615 0.102692 0.412693
50.8 0.484118 0.102505 0.413377
50.9 0.483622 0.102317 0.41406
51 0.483128 0.10213 0.414742
51.1 0.482636 0.101942 0.415422
51.2 0.482144 0.101755 0.416101
51.3 0.481654 0.101567 0.416779
51.4 0.481166 0.101379 0.417455
51.5 0.480679 0.101191 0.41813
51.6 0.480193 0.101003 0.418804
51.7 0.479709 0.100814 0.419477
51.8 0.479226 0.100626 0.420149
51.9 0.478744 0.100437 0.420819
52 0.478264 0.100248 0.421488
52.1 0.477785 0.100059 0.422155
52.2 0.477308 0.0998702 0.422822
52.3 0.476832 0.099681 0.423487
52.4 0.476357 0.0994917 0.424151
52.5 0.475884 0.0993023 0.424814
52.6 0.475412 0.0991128 0.425475
52.7 0.474942 0.0989232 0.426135
52.8 0.474473 0.0987335 0.426794
52.9 0.474005 0.0985437 0.427451
53 0.473538 0.0983538 0.428108
53.1 0.473073 0.0981638 0.428763
53.2 0.47261 0.0979737 0.429417
53.3 0.472147 0.0977835 0.430069
53.4 0.471686 0.0975933 0.43072
53.5 0.471227 0.097403 0.43137
53.6 0.470768 0.0972126 0.432019
53.7 0.470311 0.0970221 0.432667
53.8 0.469856 0.0968315 0.433313
53.9 0.469401 0.0966409 0.433958
54 0.468948 0.0964503 0.434601
54.1 0.468497 0.0962595 0.435244
54.2 0.468046 0.0960687 0.435885
54.3 0.467597 0.0958779 0.436525
54.4 0.46715 0.095687 0.437163
54.5 0.466703 0.0954961 0.4378
54.6 0.466258 0.0953051 0.438436
54.7 0.465815 0.0951141 0.439071
54.8 0.465372 0.094923 0.439705
54.9 0.464931 0.0947319 0.440337
55 0.464491 0.0945408 0.440968
55.1 0.464053 0.0943497 0.441597
55.2 0.463616 0.0941585 0.442226
55.3 0.46318 0.0939673 0.442853
55.4 0.462745 0.0937761 0.443479
55.5 0.462312 0.0935848 0.444103
55.6 0.46188 0.0933936 0.444726
55.7 0.461449 0.0932023 0.445348
55.8 0.46102 0.093011 0.445969
55.9 0.460592 0.0928198 0.446589
56 0.460165 0.0926285 0.447207
56.1 0.459739 0.0924372 0.447824
56.2 0.459315 0.0922459 0.448439
56.3 0.458892 0.0920547 0.449054
56.4 0.45847 0.0918634 0.449667
56.5 0.458049 0.0916722 0.450278
56.6 0.45763 0.0914809 0.450889
56.7 0.457212 0.0912897 0.451498
56.8 0.456795 0.0910985 0.452106
56.9 0.45638 0.0909073 0.452713
57 0.455966 0.0907162 0.453318
57.1 0.455553 0.090525 0.453922
57.2 0.455141 0.0903339 0.454525
57.3 0.45473 0.0901429 0.455127
57.4 0.454321 0.0899519 0.455727
57.5 0.453913 0.0897609 0.456326
57.6 0.453506 0.0895699 0.456924
57.7 0.453101 0.089379 0.45752
57.8 0.452696 0.0891881 0.458116
57.9 0.452293 0.0889973 0.45871
58 0.451891 0.0888066 0.459302
58.1 0.45149 0.0886159 0.459894
58.2 0.451091 0.0884252 0.460484
58.3 0.450693 0.0882346 0.461073
58.4 0.450296 0.0880441 0.46166
58.5 0.4499 0.0878536 0.462247
58.6 0.449505 0.0876632 0.462832
58.7 0.449112 0.0874729 0.463415
58.8 0.448719 0.0872826 0.463998
58.9 0.448328 0.0870924 0.464579
59 0.447939 0.0869023 0.465159
59.1 0.44755 0.0867123 0.465738
59.2 0.447162 0.0865223 0.466315
59.3 0.446776 0.0863324 0.466892
59.4 0.446391 0.0861426 0.467466
59.5 0.446007 0.0859529 0.46804
59.6 0.445624 0.0857633 0.468612
59.7 0.445243 0.0855738 0.469184
59.8 0.444862 0.0853843 0.469753
59.9 0.444483 0.085195 0.470322
60 0.444105 0.0850058 0.470889
60.1 0.443728 0.0848166 0.471455
60.2 0.443352 0.0846276 0.47202
60.3 0.442978 0.0844387 0.472584
60.4 0.442604 0.0842498 0.473146
60.5 0.442232 0.0840611 0.473707
60.6 0.441861 0.0838725 0.474267
60.7 0.441491 0.083684 0.474825
60.8 0.441122 0.0834956 0.475383
60.9 0.440754 0.0833074 0.475939
61 0.440387 0.0831192 0.476493
61.1 0.440022 0.0829312 0.477047
61.2 0.439657 0.0827433 0.477599
61.3 0.439294 0.0825555 0.47815
61.4 0.438932 0.0823679 0.4787
61.5 0.438571 0.0821804 0.479248
61.6 0.438211 0.081993 0.479796
61.7 0.437853 0.0818057 0.480342
61.8 0.437495 0.0816186 0.480886
61.9 0.437138 0.0814316 0.48143
62 0.436783 0.0812448 0.481972
62.1 0.436429 0.0810581 0.482513
62.2 0.436075 0.0808716 0.483053
62.3 0.435723 0.0806851 0.483592
62.4 0.435372 0.0804989 0.484129
62.5 0.435022 0.0803128 0.484665
62.6 0.434674 0.0801268 0.4852
62.7 0.434326 0.079941 0.485733
62.8 0.433979 0.0797553 0.486266
62.9 0.433634 0.0795698 0.486797
63 0.433289 0.0793845 0.487326
63.1 0.432946 0.0791993 0.487855
63.2 0.432603 0.0790143 0.488382
63.3 0.432262 0.0788294 0.488909
63.4 0.431922 0.0786447 0.489434
63.5 0.431583 0.0784602 0.489957
63.6 0.431245 0.0782758 0.49048
63.7 0.430908 0.0780916 0.491001
63.8 0.430572 0.0779076 0.491521
63.9 0.430237 0.0777238 0.49204
64 0.429903 0.0775401 0.492557
64.1 0.42957 0.0773566 0.493073
64.2 0.429238 0.0771733 0.493589
64.3 0.428907 0.0769901 0.494102
64.4 0.428578 0.0768072 0.494615
64.5 0.428249 0.0766244 0.495127
64.6 0.427921 0.0764418 0.495637
64.7 0.427595 0.0762594 0.496146
64.8 0.427269 0.0760772 0.496654
64.9 0.426945 0.0758951 0.49716
65 0.426621 0.0757133 0.497666
65.1 0.426299 0.0755316 0.49817
65.2 0.425977 0.0753502 0.498673
65.3 0.425657 0.0751689 0.499174
65.4 0.425337 0.0749879 0.499675
65.5 0.425019 0.074807 0.500174
65.6 0.424701 0.0746263 0.500672
65.7 0.424385 0.0744458 0.501169
65.8 0.42407 0.0742656 0.501665
65.9 0.423755 0.0740855 0.502159
66 0.423442 0.0739057 0.502653
66.1 0.423129 0.073726 0.503145
66.2 0.422818 0.0735466 0.503636
66.3 0.422507 0.0733673 0.504125
66.4 0.422198 0.0731883 0.504614
66.5 0.421889 0.0730095 0.505101
66.6 0.421582 0.0728309 0.505587
66.7 0.421275 0.0726525 0.506072
66.8 0.42097 0.0724743 0.506556
66.9 0.420665 0.0722963 0.507039
67 0.420361 0.0721186 0.50752
67.1 0.420059 0.0719411 0.508
67.2 0.419757 0.0717638 0.508479
67.3 0.419456 0.0715867 0.508957
67.4 0.419156 0.0714098 0.509434
67.5 0.418858 0.0712332 0.509909
67.6 0.41856 0.0710568 0.510384
67.7 0.418263 0.0708806 0.510857
67.8 0.417967 0.0707047 0.511329
67.9 0.417672 0.0705289 0.511799
68 0.417378 0.0703534 0.512269
68.1 0.417084 0.0701782 0.512737
68.2 0.416792 0.0700031 0.513205
68.3 0.416501 0.0698283 0.513671
68.4 0.41621 0.0696537 0.514136
68.5 0.415921 0.0694794 0.5146
68.6 0.415633 0.0693053 0.515062
68.7 0.415345 0.0691315 0.515524
68.8 0.415058 0.0689578 0.515984
68.9 0.414773 0.0687844 0.516443
69 0.414488 0.0686113 0.516901
69.1 0.414204 0.0684384 0.517358
69.2 0.413921 0.0682657 0.517814
69.3 0.413639 0.0680933 0.518268
69.4 0.413357 0.0679211 0.518721
69.5 0.413077 0.0677492 0.519174
69.6 0.412798 0.0675775 0.519625
69.7 0.412519 0.0674061 0.520075
69.8 0.412242 0.0672349 0.520524
69.9 0.411965 0.067064 0.520971
70 0.411689 0.0668933 0.521418
70.1 0.411414 0.0667229 0.521863
70.2 0.41114 0.0665527 0.522307
70.3 0.410867 0.0663827 0.52275
70.4 0.410594 0.0662131 0.523192
70.5 0.410323 0.0660436 0.523633
70.6 0.410053 0.0658745 0.524073
70.7 0.409783 0.0657055 0.524512
70.8 0.409514 0.0655369 0.524949
70.9 0.409246 0.0653685 0.525385
71 0.408979 0.0652003 0.525821
71.1 0.408713 0.0650325 0.526255
71.2 0.408447 0.0648648 0.526688
71.3 0.408183 0.0646975 0.52712
71.4 0.407919 0.0645304 0.52755
71.5 0.407656 0.0643635 0.52798
71.6 0.407394 0.064197 0.528409
71.7 0.407133 0.0640306 0.528836
71.8 0.406873 0.0638646 0.529262
71.9 0.406614 0.0636988 0.529688
72 0.406355 0.0635333 0.530112
72.1 0.406097 0.063368 0.530535
72.2 0.40584 0.0632031 0.530957
72.3 0.405584 0.0630383 0.531377
72.4 0.405329 0.0628739 0.531797
72.5 0.405075 0.0627097 0.532216
72.6 0.404821 0.0625458 0.532633
72.7 0.404568 0.0623822 0.53305
72.8 0.404316 0.0622188 0.533465
72.9 0.404065 0.0620557 0.533879
73 0.403815 0.0618929 0.534292
73.1 0.403565 0.0617303 0.534704
73.2 0.403316 0.0615681 0.535115
73.3 0.403069 0.0614061 0.535525
73.4 0.402821 0.0612443 0.535934
73.5 0.402575 0.0610829 0.536342
73.6 0.40233 0.0609217 0.536749
73.7 0.402085 0.0607608 0.537154
73.8 0.401841 0.0606002 0.537559
73.9 0.401598 0.0604398 0.537962
74 0.401356 0.0602798 0.538365
74.1 0.401114 0.06012 0.538766
74.2 0.400873 0.0599605 0.539166
74.3 0.400633 0.0598012 0.539565
74.4 0.400394 0.0596423 0.539964
74.5 0.400156 0.0594836 0.540361
74.6 0.399918 0.0593252 0.540757
74.7 0.399681 0.0591671 0.541152
74.8 0.399445 0.0590093 0.541546
74.9 0.39921 0.0588517 0.541938
75 0.398975 0.0586945 0.54233
75.1 0.398741 0.0585375 0.542721
75.2 0.398508 0.0583808 0.543111
75.3 0.398276 0.0582244 0.543499
75.4 0.398045 0.0580683 0.543887
75.5 0.397814 0.0579124 0.544274
75.6 0.397584 0.0577569 0.544659
75.7 0.397355 0.0576016 0.545044
75.8 0.397126 0.0574466 0.545427
75.9 0.396898 0.0572919 0.54581
76 0.396671 0.0571375 0.546191
76.1 0.396445 0.0569834 0.546572
76.2 0.396219 0.0568295 0.546951
76.3 0.395995 0.056676 0.547329
76.4 0.395771 0.0565227 0.547707
76.5 0.395547 0.0563697 0.548083
76.6 0.395325 0.0562171 0.548458
76.7 0.395103 0.0560647 0.548833
76.8 0.394882 0.0559126 0.549206
76.9 0.394661 0.0557607 0.549578
77 0.394441 0.0556092 0.549949
77.1 0.394223 0.055458 0.55032
77.2 0.394004 0.055307 0.550689
77.3 0.393787 0.0551564 0.551057
77.4 0.39357 0.055006 0.551424
77.5 0.393354 0.0548559 0.55179
77.6 0.393138 0.0547062 0.552156
77.7 0.392924 0.0545567 0.55252
77.8 0.39271 0.0544075 0.552883
77.9 0.392496 0.0542586 0.553245
78 0.392284 0.0541099 0.553606
78.1 0.392072 0.0539616 0.553967
78.2 0.39186 0.0538136 0.554326
78.3 0.39165 0.0536659 0.554684
78.4 0.39144 0.0535184 0.555041
78.5 0.391231 0.0533713 0.555398
78.6 0.391023 0.0532244 0.555753
78.7 0.390815 0.0530778 0.556107
78.8 0.390608 0.0529316 0.556461
78.9 0.390401 0.0527856 0.556813
79 0.390195 0.0526399 0.557165
79.1 0.38999 0.0524945 0.557515
79.2 0.389786 0.0523494 0.557865
79.3 0.389582 0.0522046 0.558213
79.4 0.389379 0.0520601 0.558561
79.5 0.389177 0.0519159 0.558907
79.6 0.388975 0.051772 0.559253
79.7 0.388774 0.0516284 0.559597
79.8 0.388574 0.0514851 0.559941
79.9 0.388374 0.051342 0.560284
80 0.388175 0.0511993 0.560626
80.1 0.387977 0.0510569 0.560967
80.2 0.387779 0.0509147 0.561306
80.3 0.387582 0.0507729 0.561645
80.4 0.387385 0.0506313 0.561983
80.5 0.387189 0.0504901 0.562321
80.6 0.386994 0.0503491 0.562657
80.7 0.3868 0.0502084 0.562992
80.8 0.386606 0.0500681 0.563326
80.9 0.386413 0.049928 0.563659
81 0.38622 0.0497882 0.563992
81.1 0.386028 0.0496487 0.564323
81.2 0.385837 0.0495096 0.564654
81.3 0.385646 0.0493707 0.564983
81.4 0.385456 0.0492321 0.565312
81.5 0.385266 0.0490938 0.56564
81.6 0.385078 0.0489558 0.565967
81.7 0.384889 0.0488181 0.566293
81.8 0.384702 0.0486807 0.566618
81.9 0.384515 0.0485435 0.566942
82 0.384328 0.0484067 0.567265
82.1 0.384143 0.0482702 0.567587
82.2 0.383958 0.048134 0.567908
82.3 0.383773 0.047998 0.568229
82.4 0.383589 0.0478624 0.568548
82.5 0.383406 0.0477271 0.568867
82.6 0.383223 0.047592 0.569185
82.7 0.383041 0.0474573 0.569502
82.8 0.38286 0.0473228 0.569818
82.9 0.382679 0.0471887 0.570133
83 0.382498 0.0470548 0.570447
83.1 0.382319 0.0469212 0.57076
83.2 0.38214 0.046788 0.571072
83.3 0.381961 0.046655 0.571384
83.4 0.381783 0.0465223 0.571694
83.5 0.381606 0.0463899 0.572004
83.6 0.381429 0.0462578 0.572313
83.7 0.381253 0.046126 0.572621
83.8 0.381078 0.0459945 0.572928
83.9 0.380903 0.0458633 0.573234
84 0.380728 0.0457324 0.573539
84.1 0.380554 0.0456018 0.573844
84.2 0.380381 0.0454715 0.574147
84.3 0.380208 0.0453414 0.57445
84.4 0.380036 0.0452117 0.574752
84.5 0.379865 0.0450822 0.575053
84.6 0.379694 0.0449531 0.575353
84.7 0.379523 0.0448242 0.575652
84.8 0.379354 0.0446957 0.575951
84.9 0.379184 0.0445674 0.576248
85 0.379016 0.0444394 0.576545
85.1 0.378847 0.0443117 0.576841
85.2 0.37868 0.0441844 0.577136
85.3 0.378513 0.0440573 0.57743
85.4 0.378346 0.0439304 0.577723
85.5 0.37818 0.0438039 0.578016
85.6 0.378015 0.0436777 0.578307
85.7 0.37785 0.0435518 0.578598
85.8 0.377686 0.0434261 0.578888
85.9 0.377522 0.0433008 0.579177
86 0.377359 0.0431757 0.579465
86.1 0.377196 0.043051 0.579753
86.2 0.377034 0.0429265 0.580039
86.3 0.376873 0.0428023 0.580325
86.4 0.376712 0.0426784 0.58061
86.5 0.376551 0.0425548 0.580894
86.6 0.376391 0.0424315 0.581177
86.7 0.376232 0.0423085 0.58146
86.8 0.376073 0.0421857 0.581742
86.9 0.375914 0.0420633 0.582022
87 0.375756 0.0419411 0.582302
87.1 0.375599 0.0418193 0.582582
87.2 0.375442 0.0416977 0.58286
87.3 0.375286 0.0415764 0.583138
87.4 0.37513 0.0414554 0.583414
87.5 0.374975 0.0413347 0.58369
87.6 0.37482 0.0412143 0.583966
87.7 0.374666 0.0410941 0.58424
87.8 0.374512 0.0409743 0.584513
87.9 0.374359 0.0408547 0.584786
88 0.374206 0.0407354 0.585058
88.1 0.374054 0.0406164 0.585329
88.2 0.373903 0.0404977 0.5856
88.3 0.373751 0.0403793 0.585869
88.4 0.373601 0.0402612 0.586138
88.5 0.373451 0.0401433 0.586406
88.6 0.373301 0.0400258 0.586673
88.7 0.373152 0.0399085 0.58694
88.8 0.373003 0.0397915 0.587205
88.9 0.372855 0.0396748 0.58747
89 0.372707 0.0395584 0.587734
89.1 0.37256 0.0394422 0.587998
89.2 0.372413 0.0393264 0.58826
89.3 0.372267 0.0392108 0.588522
89.4 0.372121 0.0390955 0.588783
89.5 0.371976 0.0389805 0.589043
89.6 0.371831 0.0388657 0.589303
89.7 0.371687 0.0387513 0.589562
89.8 0.371543 0.0386371 0.58982
89.9 0.3714 0.0385232 0.590077
90 0.371257 0.0384096 0.590333
90.1 0.371115 0.0382963 0.590589
90.2 0.370973 0.0381833 0.590844
90.3 0.370831 0.0380705 0.591098
90.4 0.370691 0.037958 0.591351
90.5 0.37055 0.0378458 0.591604
90.6 0.37041 0.0377339 0.591856
90.7 0.370271 0.0376222 0.592107
90.8 0.370131 0.0375108 0.592358
90.9 0.369993 0.0373998 0.592607
91 0.369855 0.0372889 0.592856
91.1 0.369717 0.0371784 0.593105
91.2 0.36958 0.0370681 0.593352
91.3 0.369443 0.0369581 0.593599
91.4 0.369307 0.0368484 0.593845
91.5 0.369171 0.036739 0.59409
91.6 0.369035 0.0366298 0.594335
91.7 0.3689 0.036521 0.594579
91.8 0.368766 0.0364124 0.594822
91.9 0.368632 0.036304 0.595064
92 0.368498 0.036196 0.595306
92.1 0.368365 0.0360882 0.595547
92.2 0.368232 0.0359807 0.595787
92.3 0.3681 0.0358734 0.596026
92.4 0.367968 0.0357664 0.596265
92.5 0.367837 0.0356597 0.596503
92.6 0.367706 0.0355533 0.596741
92.7 0.367576 0.0354472 0.596977
92.8 0.367445 0.0353413 0.597213
92.9 0.367316 0.0352357 0.597449
93 0.367187 0.0351303 0.597683
93.1 0.367058 0.0350252 0.597917
93.2 0.366929 0.0349204 0.59815
93.3 0.366802 0.0348159 0.598383
93.4 0.366674 0.0347116 0.598614
93.5 0.366547 0.0346076 0.598845
93.6 0.36642 0.0345039 0.599076
93.7 0.366294 0.0344004 0.599305
93.8 0.366168 0.0342973 0.599534
93.9 0.366043 0.0341943 0.599763
94 0.365918 0.0340917 0.59999
94.1 0.365793 0.0339893 0.600217
94.2 0.365669 0.0338871 0.600444
94.3 0.365546 0.0337853 0.600669
94.4 0.365422 0.0336837 0.600894
94.5 0.365299 0.0335823 0.601118
94.6 0.365177 0.0334812 0.601342
94.7 0.365055 0.0333804 0.601565
94.8 0.364933 0.0332799 0.601787
94.9 0.364812 0.0331796 0.602008
95 0.364691 0.0330796 0.602229
95.1 0.364571 0.0329798 0.602449
95.2 0.364451 0.0328803 0.602669
95.3 0.364331 0.0327811 0.602888
95.4 0.364212 0.0326821 0.603106
95.5 0.364093 0.0325834 0.603324
95.6 0.363975 0.0324849 0.603541
95.7 0.363857 0.0323867 0.603757
95.8 0.363739 0.0322888 0.603972
95.9 0.363622 0.0321911 0.604187
96 0.363505 0.0320937 0.604402
96.1 0.363388 0.0319965 0.604615
96.2 0.363272 0.0318996 0.604828
96.3 0.363157 0.0318029 0.605041
96.4 0.363041 0.0317065 0.605252
96.5 0.362926 0.0316104 0.605463
96.6 0.362812 0.0315145 0.605674
96.7 0.362698 0.0314189 0.605883
96.8 0.362584 0.0313235 0.606093
96.9 0.362471 0.0312284 0.606301
97 0.362358 0.0311335 0.606509
97.1 0.362245 0.0310389 0.606716
97.2 0.362133 0.0309445 0.606923
97.3 0.362021 0.0308504 0.607129
97.4 0.361909 0.0307566 0.607334
97.5 0.361798 0.030663 0.607539
97.6 0.361687 0.0305696 0.607743
97.7 0.361577 0.0304765 0.607946
97.8 0.361467 0.0303836 0.608149
97.9 0.361357 0.030291 0.608352
98 0.361248 0.0301987 0.608553
98.1 0.361139 0.0301066 0.608754
98.2 0.361031 0.0300147 0.608955
98.3 0.360922 0.0299231 0.609154
98.4 0.360815 0.0298317 0.609354
98.5 0.360707 0.0297406 0.609552
98.6 0.3606 0.0296498 0.60975
98.7 0.360493 0.0295591 0.609948
98.8 0.360387 0.0294687 0.610144
98.9 0.360281 0.0293786 0.61034
99 0.360175 0.0292887 0.610536
99.1 0.36007 0.0291991 0.610731
99.2 0.359965 0.0291097 0.610925
99.3 0.35986 0.0290205 0.611119
99.4 0.359756 0.0289316 0.611312
99.5 0.359652 0.0288429 0.611505
99.6 0.359549 0.0287545 0.611697
99.7 0.359445 0.0286663 0.611888
99.8 0.359343 0.0285784 0.612079
99.9 0.35924 0.0284907 0.612269
100 0.359138 0.0284032 0.612459
100.1 0.359036 0.028316 0.612648
100.2 0.358935 0.028229 0.612836
100.3 0.358833 0.0281422 0.613024
100.4 0.358733 0.0280557 0.613212
100.5 0.358632 0.0279694 0.613398
100.6 0.358532 0.0278834 0.613585
100.7 0.358432 0.0277976 0.61377
100.8 0.358333 0.027712 0.613955
100.9 0.358234 0.0276267 0.61414
101 0.358135 0.0275416 0.614324
101.1 0.358036 0.0274568 0.614507
101.2 0.357938 0.0273721 0.61469
101.3 0.35784 0.0272877 0.614872
101.4 0.357743 0.0272036 0.615054
101.5 0.357646 0.0271197 0.615235
101.6 0.357549 0.027036 0.615415
101.7 0.357452 0.0269525 0.615595
101.8 0.357356 0.0268693 0.615775
101.9 0.35726 0.0267863 0.615953
102 0.357165 0.0267035 0.616132
102.1 0.35707 0.026621 0.616309
102.2 0.356975 0.0265387 0.616487
102.3 0.35688 0.0264566 0.616663
102.4 0.356786 0.0263748 0.616839
102.5 0.356692 0.0262932 0.617015
102.6 0.356598 0.0262118 0.61719
102.7 0.356505 0.0261306 0.617364
102.8 0.356412 0.0260497 0.617538
102.9 0.356319 0.025969 0.617712
103 0.356227 0.0258885 0.617885
103.1 0.356135 0.0258082 0.618057
103.2 0.356043 0.0257282 0.618229
103.3 0.355952 0.0256484 0.6184
103.4 0.35586 0.0255688 0.618571
103.5 0.35577 0.0254895 0.618741
103.6 0.355679 0.0254103 0.618911
103.7 0.355589 0.0253314 0.61908
103.8 0.355499 0.0252527 0.619248
103.9 0.355409 0.0251743 0.619416
104 0.35532 0.025096 0.619584
104.1 0.355231 0.025018 0.619751
104.2 0.355142 0.0249402 0.619918
104.3 0.355054 0.0248626 0.620084
104.4 0.354966 0.0247852 0.620249
104.5 0.354878 0.0247081 0.620414
104.6 0.35479 0.0246312 0.620579
104.7 0.354703 0.0245545 0.620742
104.8 0.354616 0.024478 0.620906
104.9 0.354529 0.0244017 0.621069
105 0.354443 0.0243256 0.621231
105.1 0.354357 0.0242498 0.621393
105.2 0.354271 0.0241742 0.621555
105.3 0.354186 0.0240987 0.621715
105.4 0.354101 0.0240235 0.621876
105.5 0.354016 0.0239486 0.622036
105.6 0.353931 0.0238738 0.622195
105.7 0.353847 0.0237992 0.622354
105.8 0.353763 0.0237249 0.622513
105.9 0.353679 0.0236508 0.62267
106 0.353595 0.0235769 0.622828
106.1 0.353512 0.0235031 0.622985
106.2 0.353429 0.0234296 0.623141
106.3 0.353346 0.0233564 0.623297
106.4 0.353264 0.0232833 0.623453
106.5 0.353182 0.0232104 0.623608
106.6 0.3531 0.0231378 0.623762
106.7 0.353019 0.0230653 0.623916
106.8 0.352937 0.0229931 0.62407
106.9 0.352856 0.022921 0.624223
107 0.352775 0.0228492 0.624375
107.1 0.352695 0.0227776 0.624527
107.2 0.352615 0.0227062 0.624679
107.3 0.352535 0.022635 0.62483
107.4 0.352455 0.022564 0.624981
107.5 0.352376 0.0224932 0.625131
107.6 0.352297 0.0224226 0.625281
107.7 0.352218 0.0223522 0.62543
107.8 0.352139 0.022282 0.625579
107.9 0.352061 0.022212 0.625727
108 0.351983 0.0221423 0.625875
108.1 0.351905 0.0220727 0.626022
108.2 0.351827 0.0220033 0.626169
108.3 0.35175 0.0219341 0.626316
108.4 0.351673 0.0218652 0.626462
108.5 0.351596 0.0217964 0.626607
108.6 0.35152 0.0217278 0.626752
108.7 0.351444 0.0216594 0.626897
108.8 0.351368 0.0215913 0.627041
108.9 0.351292 0.0215233 0.627185
109 0.351216 0.0214555 0.627328
109.1 0.351141 0.0213879 0.627471
109.2 0.351066 0.0213205 0.627613
109.3 0.350992 0.0212533 0.627755
109.4 0.350917 0.0211864 0.627897
109.5 0.350843 0.0211196 0.628038
109.6 0.350769 0.0210529 0.628178
109.7 0.350695 0.0209865 0.628318
109.8 0.350622 0.0209203 0.628458
109.9 0.350548 0.0208543 0.628597
110 0.350475 0.0207885 0.628736
110.1 0.350403 0.0207228 0.628874
110.2 0.35033 0.0206574 0.629012
110.3 0.350258 0.0205921 0.62915
110.4 0.350186 0.0205271 0.629287
110.5 0.350114 0.0204622 0.629424
110.6 0.350043 0.0203975 0.62956
110.7 0.349971 0.0203331 0.629696
110.8 0.3499 0.0202688 0.629831
110.9 0.34983 0.0202046 0.629966
111 0.349759 0.0201407 0.6301
111.1 0.349689 0.020077 0.630234
111.2 0.349619 0.0200134 0.630368
111.3 0.349549 0.0199501 0.630501
111.4 0.349479 0.0198869 0.630634
111.5 0.34941 0.0198239 0.630766
111.6 0.349341 0.0197611 0.630898
111.7 0.349272 0.0196985 0.63103
111.8 0.349203 0.0196361 0.631161
111.9 0.349135 0.0195738 0.631292
112 0.349066 0.0195118 0.631422
112.1 0.348998 0.0194499 0.631552
112.2 0.348931 0.0193882 0.631681
112.3 0.348863 0.0193267 0.63181
112.4 0.348796 0.0192654 0.631939
112.5 0.348729 0.0192042 0.632067
112.6 0.348662 0.0191432 0.632195
112.7 0.348595 0.0190825 0.632322
112.8 0.348529 0.0190219 0.632449
112.9 0.348463 0.0189614 0.632576
113 0.348397 0.0189012 0.632702
113.1 0.348331 0.0188411 0.632828
113.2 0.348265 0.0187812 0.632953
113.3 0.3482 0.0187215 0.633078
113.4 0.348135 0.018662 0.633203
113.5 0.34807 0.0186026 0.633327
113.6 0.348005 0.0185434 0.633451
113.7 0.347941 0.0184844 0.633575
113.8 0.347877 0.0184256 0.633698
113.9 0.347813 0.018367 0.63382
114 0.347749 0.0183085 0.633942
114.1 0.347685 0.0182502 0.634064
114.2 0.347622 0.0181921 0.634186
114.3 0.347559 0.0181341 0.634307
114.4 0.347496 0.0180763 0.634428
114.5 0.347433 0.0180187 0.634548
114.6 0.347371 0.0179613 0.634668
114.7 0.347309 0.017904 0.634787
114.8 0.347246 0.0178469 0.634907
114.9 0.347185 0.01779 0.635025
115 0.347123 0.0177333 0.635144
115.1 0.347062 0.0176767 0.635262
115.2 0.347 0.0176203 0.635379
115.3 0.346939 0.017564 0.635497
115.4 0.346878 0.0175079 0.635614
115.5 0.346818 0.017452 0.63573
115.6 0.346757 0.0173963 0.635846
115.7 0.346697 0.0173407 0.635962
115.8 0.346637 0.0172853 0.636078
115.9 0.346577 0.0172301 0.636193
116 0.346518 0.017175 0.636307
116.1 0.346458 0.0171201 0.636422
116.2 0.346399 0.0170654 0.636536
116.3 0.34634 0.0170108 0.636649
116.4 0.346281 0.0169564 0.636762
116.5 0.346223 0.0169022 0.636875
116.6 0.346164 0.0168481 0.636988
116.7 0.346106 0.0167942 0.6371
116.8 0.346048 0.0167404 0.637212
116.9 0.34599 0.0166868 0.637323
117 0.345932 0.0166334 0.637434
117.1 0.345875 0.0165801 0.637545
117.2 0.345818 0.016527 0.637655
117.3 0.345761 0.0164741 0.637765
117.4 0.345704 0.0164213 0.637875
117.5 0.345647 0.0163687 0.637984
117.6 0.345591 0.0163162 0.638093
117.7 0.345534 0.0162639 0.638202
117.8 0.345478 0.0162117 0.63831
117.9 0.345422 0.0161597 0.638418
118 0.345367 0.0161079 0.638525
118.1 0.345311 0.0160562 0.638633
118.2 0.345256 0.0160047 0.63874
118.3 0.345201 0.0159534 0.638846
118.4 0.345146 0.0159021 0.638952
118.5 0.345091 0.0158511 0.639058
118.6 0.345036 0.0158002 0.639164
118.7 0.344982 0.0157495 0.639269
118.8 0.344928 0.0156989 0.639374
118.9 0.344873 0.0156484 0.639478
119 0.34482 0.0155982 0.639582
119.1 0.344766 0.015548 0.639686
119.2 0.344712 0.0154981 0.63979
119.3 0.344659 0.0154482 0.639893
119.4 0.344606 0.0153986 0.639996
119.5 0.344553 0.0153491 0.640098
119.6 0.3445 0.0152997 0.6402
119.7 0.344448 0.0152505 0.640302
119.8 0.344395 0.0152014 0.640403
119.9 0.344343 0.0151525 0.640505
120 0.344291 0.0151037 0.640606
120.1 0.344239 0.0150551 0.640706
120.2 0.344187 0.0150066 0.640806
120.3 0.344136 0.0149583 0.640906
120.4 0.344084 0.0149102 0.641006
120.5 0.344033 0.0148621 0.641105
120.6 0.343982 0.0148143 0.641204
120.7 0.343931 0.0147665 0.641302
120.8 0.34388 0.0147189 0.641401
120.9 0.34383 0.0146715 0.641499
121 0.343779 0.0146242 0.641596
121.1 0.343729 0.0145771 0.641694
121.2 0.343679 0.0145301 0.641791
121.3 0.343629 0.0144832 0.641887
121.4 0.34358 0.0144365 0.641984
121.5 0.34353 0.0143899 0.64208
121.6 0.343481 0.0143435 0.642176
121.7 0.343432 0.0142972 0.642271
121.8 0.343383 0.0142511 0.642366
121.9 0.343334 0.0142051 0.642461
122 0.343285 0.0141592 0.642556
122.1 0.343237 0.0141135 0.64265
122.2 0.343188 0.0140679 0.642744
122.3 0.34314 0.0140225 0.642838
122.4 0.343092 0.0139772 0.642931
122.5 0.343044 0.013932 0.643024
122.6 0.342996 0.013887 0.643117
122.7 0.342949 0.0138421 0.643209
122.8 0.342901 0.0137974 0.643301
122.9 0.342854 0.0137528 0.643393
123 0.342807 0.0137083 0.643485
123.1 0.34276 0.013664 0.643576
123.2 0.342713 0.0136198 0.643667
123.3 0.342667 0.0135757 0.643757
123.4 0.34262 0.0135318 0.643848
123.5 0.342574 0.013488 0.643938
123.6 0.342528 0.0134444 0.644028
123.7 0.342482 0.0134009 0.644117
123.8 0.342436 0.0133575 0.644206
